150 100 4
12288 10240 0 4096 0 0 0 0 14336 0 12288 0 0 0 0 10240 4096 0 4096 0 8192 16384 0 10240 0 0 0 0 12288 0 12288 0 0 0 0 16384 0 0 12288 0 0 8192 0 4096 0 6144 12288 0 0 14336 0 4096 0 6144 0 0 0 0 0 0 0 0 0 0 12288 0 4096 0 0 0 16384 10240 0 16384 16384 6144 10240 10240 8192 4096 0 0 14336 6144 0 0 14336 4096 0 0 0 0 0 10240 8192 0 12288 0 0 4096 
0 0 4096 0 
0 16384 0 12288 0 14336 10240 0 0 0 4096 0 10240 0 12288 0 8192 0 0 12288 0 10240 6144 0 0 12288 16384 8192 0 4096 0 12288 0 16384 0 0 14336 0 10240 0 6144 0 0 0 0 10240 10240 0 0 0 16384 0 0 6144 0 0 12288 0 0 14336 6144 0 4096 10240 0 0 8192 0 0 0 0 4096 0 16384 0 0 4096 0 4096 0 10240 0 0 0 8192 0 4096 14336 14336 0 0 10240 0 4096 0 0 0 0 8192 0 
0 0 4096 0 
0 10240 0 0 0 0 14336 0 16384 0 0 6144 0 16384 10240 12288 0 0 12288 0 0 0 0 14336 0 0 0 6144 0 6144 0 16384 0 0 16384 8192 0 14336 0 0 12288 0 0 0 0 0 14336 8192 8192 6144 8192 0 0 12288 16384 10240 0 12288 0 0 8192 6144 14336 0 0 12288 0 0 0 0 0 0 4096 8192 6144 10240 0 10240 4096 0 0 0 10240 10240 0 10240 12288 0 0 8192 0 0 0 0 0 0 14336 0 12288 6144 
0 0 4096 0 
0 0 0 0 4096 12288 8192 0 10240 12288 14336 0 0 4096 8192 4096 10240 0 0 0 8192 16384 0 0 0 0 6144 0 6144 6144 16384 12288 0 8192 0 0 10240 0 0 0 4096 0 0 6144 0 16384 12288 0 0 0 8192 0 0 10240 0 8192 0 0 10240 8192 8192 0 8192 0 10240 0 0 14336 12288 0 6144 8192 0 0 0 4096 0 0 0 10240 0 0 0 0 0 16384 12288 0 0 0 0 4096 0 0 0 14336 8192 0 0 4096 
0 0 4096 0 
14336 0 0 0 0 6144 6144 0 8192 10240 14336 0 0 0 16384 8192 10240 0 14336 16384 0 0 0 8192 0 0 6144 12288 14336 0 0 0 0 12288 6144 0 0 0 0 0 0 10240 0 0 0 0 10240 0 0 0 0 0 6144 10240 0 0 0 12288 6144 0 4096 0 0 0 0 16384 0 4096 0 0 0 12288 4096 0 0 0 0 0 16384 12288 0 12288 0 0 14336 0 0 16384 12288 0 14336 0 12288 0 0 12288 0 10240 0 16384 
0 4096 0 0 
0 0 6144 0 6144 0 0 16384 0 0 0 0 0 0 0 0 0 0 0 10240 16384 6144 0 16384 14336 8192 0 0 0 0 0 4096 0 10240 0 6144 16384 0 0 0 0 12288 0 12288 0 6144 0 0 0 0 0 12288 0 8192 10240 0 16384 0 6144 0 0 8192 0 0 6144 16384 0 0 6144 0 0 0 6144 14336 12288 0 0 14336 0 0 0 16384 0 0 0 16384 10240 10240 0 6144 10240 0 0 4096 0 8192 0 0 0 0 
0 4096 0 0 
0 8192 0 0 0 0 8192 0 0 0 0 0 0 0 4096 4096 14336 0 0 0 6144 0 0 8192 0 0 0 0 0 0 4096 0 0 12288 0 0 0 0 6144 0 0 0 10240 0 0 6144 16384 0 8192 0 10240 0 10240 0 12288 0 0 6144 0 8192 16384 0 16384 0 0 0 0 6144 0 0 0 0 0 0 0 0 8192 0 4096 14336 0 0 8192 8192 0 0 0 0 14336 0 0 12288 0 4096 0 16384 8192 12288 0 12288 
0 4096 0 0 
0 6144 14336 16384 0 8192 6144 0 10240 0 0 0 12288 8192 0 8192 6144 12288 4096 0 0 12288 0 12288 0 0 6144 12288 12288 0 0 0 0 14336 14336 0 0 16384 0 0 4096 0 0 0 14336 0 0 0 0 14336 14336 14336 0 0 6144 0 0 0 8192 0 0 10240 0 6144 10240 14336 14336 6144 0 0 0 0 14336 0 0 0 14336 0 0 16384 6144 0 16384 0 0 0 10240 4096 0 14336 0 0 0 6144 4096 0 0 0 16384 8192 
0 0 4096 0 
16384 16384 0 0 4096 0 14336 16384 16384 0 14336 8192 0 0 12288 0 0 0 0 14336 16384 4096 0 8192 10240 10240 6144 0 16384 0 0 14336 6144 8192 0 6144 10240 10240 8192 0 12288 0 0 0 8192 0 14336 10240 0 10240 0 10240 0 0 0 0 12288 0 0 0 0 6144 10240 12288 0 6144 0 4096 0 0 0 10240 0 0 4096 16384 8192 0 0 0 0 0 10240 0 10240 0 0 16384 6144 16384 0 10240 0 0 0 14336 8192 0 12288 0 
0 0 4096 0 
6144 14336 0 16384 12288 14336 8192 0 0 0 16384 0 14336 0 0 0 0 16384 16384 0 10240 0 14336 12288 0 0 0 6144 8192 0 0 12288 4096 8192 14336 0 12288 8192 0 0 0 0 0 14336 0 0 6144 4096 6144 0 0 0 8192 0 0 0 0 16384 0 0 0 0 6144 0 14336 0 10240 0 0 6144 0 16384 0 0 12288 0 8192 0 10240 0 0 0 0 0 0 0 0 10240 0 0 0 0 4096 16384 14336 12288 6144 0 10240 0 
0 0 4096 0 
0 6144 16384 0 0 6144 0 0 0 4096 14336 0 14336 12288 0 6144 0 0 0 6144 14336 16384 16384 16384 0 10240 0 4096 0 14336 10240 0 12288 0 12288 0 4096 12288 6144 0 0 0 14336 0 0 0 14336 0 14336 0 0 0 16384 0 0 14336 0 0 0 6144 10240 0 0 0 0 0 0 0 0 0 0 0 0 0 8192 10240 4096 12288 0 16384 6144 0 10240 0 0 0 0 4096 12288 4096 0 0 14336 8192 0 16384 0 0 4096 0 
0 0 4096 0 
0 0 10240 0 10240 0 4096 0 0 0 0 0 0 4096 4096 0 0 0 0 0 16384 0 0 0 0 0 16384 16384 0 4096 0 16384 14336 0 10240 0 10240 0 0 4096 0 12288 0 0 0 0 0 0 0 8192 0 0 0 14336 0 0 4096 0 0 0 0 16384 16384 0 12288 14336 0 14336 0 0 8192 14336 16384 16384 0 0 4096 0 0 10240 0 0 0 16384 16384 0 0 4096 12288 4096 4096 10240 6144 10240 0 0 10240 14336 0 0 
0 4096 0 0 
10240 0 0 6144 0 0 0 10240 0 4096 16384 10240 0 0 0 16384 0 10240 0 16384 0 0 0 0 0 0 0 10240 0 0 0 14336 0 8192 0 4096 0 0 0 0 6144 0 0 0 0 0 0 0 10240 6144 0 0 0 12288 16384 0 0 14336 0 0 10240 6144 6144 0 10240 14336 0 0 0 0 0 14336 0 10240 0 4096 12288 8192 10240 0 0 0 10240 0 0 0 12288 0 0 0 12288 4096 4096 0 0 0 14336 16384 0 14336 
0 4096 0 0 
16384 8192 0 14336 0 12288 0 0 0 0 0 4096 0 0 0 4096 0 6144 0 0 0 0 8192 8192 0 16384 6144 10240 16384 0 0 8192 0 10240 0 10240 0 0 4096 0 0 4096 0 16384 14336 14336 0 0 0 0 0 8192 14336 0 0 16384 0 12288 16384 0 14336 10240 16384 12288 0 12288 4096 0 0 12288 6144 10240 8192 0 6144 6144 0 0 0 0 0 0 0 0 0 0 0 0 12288 0 0 14336 0 0 10240 14336 16384 10240 10240 0 
0 0 4096 0 
14336 4096 16384 14336 0 10240 0 12288 0 12288 6144 0 0 14336 0 0 14336 12288 0 6144 16384 0 0 0 0 4096 0 0 10240 6144 0 0 0 0 0 0 0 0 8192 10240 0 0 0 0 14336 12288 8192 0 4096 12288 4096 0 16384 0 0 10240 10240 14336 0 0 0 0 0 0 0 8192 0 0 12288 0 16384 0 0 0 0 14336 0 0 0 0 16384 0 0 14336 6144 0 0 10240 12288 0 0 0 4096 6144 4096 0 0 8192 0 0 
0 0 4096 0 
0 10240 10240 0 0 0 0 0 16384 0 0 0 8192 16384 0 0 4096 14336 6144 14336 0 0 0 0 0 12288 0 0 14336 12288 16384 0 0 4096 0 0 0 14336 0 0 0 0 0 0 0 0 0 8192 10240 14336 10240 0 0 10240 0 8192 8192 14336 0 4096 10240 6144 0 8192 10240 8192 6144 0 0 4096 8192 0 0 8192 4096 6144 10240 0 0 0 0 6144 0 0 0 0 0 0 0 6144 0 0 0 12288 0 6144 0 0 0 12288 
0 0 4096 0 
0 0 8192 12288 0 0 0 0 10240 16384 12288 10240 0 14336 0 0 0 0 0 8192 4096 6144 0 12288 0 0 0 0 0 0 0 0 12288 14336 0 0 0 14336 0 0 0 0 4096 0 0 0 0 14336 8192 0 0 0 16384 10240 6144 0 0 0 4096 6144 0 8192 16384 0 0 16384 8192 0 0 16384 0 0 14336 16384 0 0 0 0 0 0 14336 0 0 4096 8192 0 8192 0 0 10240 0 0 0 0 0 0 0 0 0 0 
0 4096 0 0 
12288 0 14336 0 16384 0 0 0 0 0 6144 0 0 0 0 0 0 0 0 0 0 0 0 0 10240 12288 12288 0 12288 0 0 12288 0 10240 4096 0 8192 0 12288 12288 10240 8192 0 0 16384 0 0 0 12288 0 0 0 0 6144 8192 6144 8192 14336 14336 16384 0 16384 6144 4096 0 0 0 0 16384 0 6144 0 6144 0 0 0 0 0 0 0 10240 14336 10240 0 14336 12288 0 6144 0 0 16384 0 6144 10240 0 0 4096 0 0 16384 
0 0 4096 0 
0 8192 0 0 14336 12288 16384 0 0 0 0 0 0 4096 0 0 8192 0 0 12288 0 0 0 10240 0 0 0 8192 12288 8192 0 0 0 0 8192 0 16384 0 0 0 6144 0 0 14336 0 0 0 0 0 0 0 0 0 10240 10240 12288 10240 0 6144 0 6144 0 0 0 0 12288 0 16384 0 0 0 16384 0 0 0 0 8192 0 0 0 0 16384 4096 8192 0 10240 12288 0 0 4096 14336 0 0 0 4096 0 0 16384 12288 6144 
0 4096 0 0 
0 8192 14336 0 8192 0 6144 0 14336 0 6144 0 0 0 8192 16384 4096 0 0 6144 16384 0 0 0 0 4096 0 0 0 12288 8192 0 4096 0 0 0 14336 0 0 0 0 0 10240 0 4096 6144 4096 0 4096 0 8192 0 0 10240 4096 6144 14336 0 0 0 0 0 0 0 0 0 8192 0 16384 0 0 0 0 0 10240 0 0 0 0 10240 0 0 8192 0 0 0 0 0 6144 8192 0 0 8192 0 0 6144 0 8192 10240 0 
0 4096 0 0 
0 12288 16384 0 10240 0 12288 0 0 0 8192 0 0 0 4096 0 0 0 0 6144 16384 8192 0 0 0 0 0 0 0 0 14336 4096 0 16384 0 6144 0 14336 0 0 0 0 0 0 0 0 0 10240 0 0 0 10240 0 12288 6144 16384 16384 4096 4096 4096 0 0 8192 0 0 0 0 0 0 8192 14336 6144 0 0 0 12288 4096 0 0 8192 0 10240 0 4096 0 0 0 10240 0 6144 0 0 10240 16384 14336 4096 16384 12288 0 0 
0 4096 0 0 
12288 0 0 8192 0 14336 0 10240 0 14336 0 0 0 0 14336 10240 6144 14336 4096 16384 16384 0 12288 4096 0 0 6144 8192 0 0 0 0 14336 0 12288 0 0 0 10240 6144 6144 0 0 0 14336 0 12288 6144 0 0 6144 6144 0 0 0 0 0 0 14336 12288 6144 0 0 8192 0 16384 14336 0 0 0 0 0 0 0 0 16384 0 0 0 0 0 4096 0 0 12288 10240 0 0 0 12288 12288 16384 0 0 0 8192 12288 0 16384 8192 
0 0 4096 0 
6144 0 4096 0 0 0 6144 0 4096 0 4096 0 0 0 10240 0 6144 0 6144 0 0 0 14336 0 0 6144 0 0 0 6144 8192 0 0 16384 0 0 10240 0 0 4096 0 0 0 8192 0 0 16384 0 0 0 0 0 0 0 0 14336 0 0 0 0 0 0 16384 8192 0 10240 16384 16384 12288 0 0 8192 0 12288 0 0 0 0 14336 0 0 0 0 0 0 0 14336 6144 0 8192 12288 0 0 14336 0 0 0 0 0 0 
0 4096 0 0 
10240 12288 8192 10240 8192 0 10240 0 0 0 0 0 16384 10240 4096 0 10240 12288 0 0 0 12288 4096 0 0 0 8192 14336 16384 6144 0 0 0 0 14336 0 0 14336 0 4096 0 0 6144 4096 16384 0 8192 0 0 0 0 16384 10240 0 0 14336 16384 0 16384 16384 0 0 0 0 0 4096 14336 0 0 0 6144 0 8192 0 6144 0 0 8192 0 0 10240 0 0 0 0 0 6144 8192 16384 16384 12288 0 12288 0 14336 8192 8192 0 12288 10240 
0 0 4096 0 
0 6144 0 10240 0 0 0 0 0 8192 0 14336 14336 0 0 0 8192 0 12288 6144 12288 8192 6144 14336 0 0 0 0 16384 16384 0 16384 0 8192 0 16384 0 0 0 0 0 6144 16384 16384 0 0 16384 0 0 0 4096 0 4096 0 12288 10240 4096 4096 0 0 8192 6144 10240 0 12288 0 0 12288 0 0 16384 8192 0 0 6144 0 0 14336 14336 0 12288 0 0 0 0 0 0 0 0 0 0 0 0 12288 4096 16384 4096 0 0 0 
0 0 4096 0 
0 14336 0 0 10240 0 0 0 8192 0 8192 0 14336 0 12288 0 0 16384 8192 10240 0 4096 6144 0 12288 10240 8192 0 0 8192 0 0 6144 4096 0 0 0 0 14336 0 0 4096 10240 0 0 0 0 0 0 16384 0 16384 0 0 16384 0 0 0 0 6144 4096 14336 0 0 14336 0 0 12288 14336 0 0 4096 0 0 14336 0 12288 0 0 0 6144 0 0 0 0 6144 0 4096 8192 4096 0 4096 0 0 0 12288 0 0 4096 8192 
0 0 4096 0 
4096 16384 6144 0 6144 14336 0 0 12288 0 0 0 0 0 0 0 0 14336 8192 12288 0 0 12288 0 12288 16384 0 14336 0 0 0 4096 10240 14336 0 0 12288 0 0 16384 8192 6144 16384 0 14336 0 0 0 0 6144 0 8192 0 4096 4096 0 0 6144 16384 0 0 12288 10240 0 14336 14336 0 16384 0 0 0 0 0 8192 0 0 4096 0 0 12288 12288 4096 16384 0 0 14336 16384 0 0 4096 6144 0 0 4096 0 0 10240 0 0 0 
0 0 4096 0 
0 0 0 16384 4096 0 0 0 0 10240 0 14336 8192 8192 0 0 0 6144 0 0 0 0 0 0 0 4096 0 0 10240 0 0 12288 0 0 0 0 16384 10240 0 0 8192 0 0 0 8192 16384 10240 12288 0 4096 0 8192 0 0 8192 0 8192 10240 6144 4096 6144 0 16384 0 12288 0 4096 0 0 0 0 14336 6144 0 0 16384 0 14336 8192 4096 8192 0 16384 0 0 8192 0 10240 0 16384 0 12288 16384 4096 0 0 0 6144 14336 0 
0 0 4096 0 
0 0 0 8192 0 0 12288 8192 0 4096 10240 0 0 0 14336 8192 0 0 0 0 8192 12288 0 8192 12288 0 14336 0 8192 0 0 10240 0 0 0 10240 12288 8192 0 0 6144 0 0 4096 0 0 0 14336 0 0 0 8192 0 4096 12288 0 8192 0 4096 8192 12288 0 14336 16384 12288 16384 0 10240 0 0 6144 10240 0 0 0 16384 12288 0 8192 6144 0 0 0 0 0 0 0 10240 8192 0 0 0 0 0 0 0 0 0 8192 0 
0 0 4096 0 
16384 4096 0 16384 0 0 0 16384 0 0 10240 16384 0 6144 0 0 0 12288 0 6144 0 0 0 0 0 14336 0 0 0 0 0 12288 0 12288 0 0 14336 0 0 10240 8192 4096 0 0 0 0 12288 0 0 0 0 0 0 0 10240 6144 0 0 12288 0 4096 10240 6144 0 10240 0 0 0 0 0 0 0 8192 14336 0 8192 0 0 0 10240 0 0 14336 10240 10240 0 0 0 0 14336 0 0 10240 0 8192 0 14336 0 0 0 
0 4096 0 0 
0 0 12288 0 4096 12288 0 0 0 0 4096 0 4096 0 8192 14336 0 4096 16384 10240 0 16384 16384 0 0 10240 0 0 12288 12288 4096 0 0 8192 14336 0 12288 0 10240 0 4096 0 0 0 0 0 12288 6144 0 0 0 0 0 0 12288 0 14336 0 0 0 0 6144 0 0 0 0 16384 0 0 0 14336 16384 0 8192 12288 0 0 8192 0 0 0 0 0 0 12288 0 0 0 6144 14336 4096 0 0 10240 8192 4096 8192 4096 0 0 
0 0 4096 0 
0 8192 16384 0 0 0 16384 6144 16384 10240 0 0 14336 0 0 0 10240 14336 0 0 0 0 12288 0 10240 16384 0 16384 16384 12288 0 8192 0 0 0 0 16384 0 0 14336 0 12288 14336 16384 0 0 14336 0 14336 0 0 4096 0 16384 0 0 0 0 0 12288 4096 0 16384 4096 16384 0 0 16384 0 14336 0 0 12288 12288 0 4096 0 0 0 0 0 0 0 0 0 0 14336 12288 0 4096 0 0 16384 0 0 0 0 4096 0 0 
0 4096 0 0 
0 0 8192 0 8192 10240 8192 0 0 0 0 0 0 12288 0 0 0 12288 0 0 0 12288 0 14336 8192 6144 14336 0 14336 0 0 0 16384 0 4096 0 6144 0 0 0 4096 10240 0 0 4096 0 0 6144 0 0 14336 0 0 0 0 10240 16384 0 0 0 4096 6144 8192 8192 10240 6144 16384 10240 14336 0 0 0 0 8192 0 0 4096 6144 0 0 0 0 6144 0 0 8192 16384 10240 8192 0 0 0 0 14336 0 0 0 0 0 8192 
0 0 4096 0 
0 0 6144 0 8192 0 8192 0 0 4096 6144 0 16384 0 10240 0 16384 8192 0 0 0 0 0 16384 8192 0 6144 8192 0 0 4096 0 14336 8192 0 14336 0 4096 6144 8192 0 0 0 16384 0 0 0 14336 6144 0 10240 0 0 0 4096 12288 0 0 0 0 6144 0 0 14336 0 0 0 14336 0 0 0 10240 14336 4096 6144 12288 14336 0 0 12288 12288 6144 0 0 0 0 16384 4096 16384 8192 0 0 0 0 12288 14336 6144 0 10240 0 
0 0 4096 0 
0 0 0 0 0 0 12288 0 4096 0 0 0 14336 4096 12288 0 0 4096 0 0 10240 0 0 0 0 4096 14336 4096 0 0 10240 16384 0 0 0 0 4096 10240 0 10240 0 0 0 0 8192 0 0 0 0 0 0 0 8192 0 0 4096 0 4096 0 0 0 0 0 0 0 0 4096 0 6144 14336 0 14336 12288 0 0 0 0 0 16384 0 0 0 0 0 0 0 0 0 0 0 0 0 0 14336 12288 8192 10240 4096 0 10240 
0 4096 0 0 
6144 8192 0 0 8192 0 0 0 0 0 16384 10240 4096 0 6144 0 8192 0 0 8192 0 4096 0 14336 6144 0 10240 14336 0 8192 0 4096 14336 12288 0 0 0 8192 0 0 0 0 0 12288 8192 0 0 0 0 0 16384 0 0 8192 0 0 0 0 0 0 12288 0 0 10240 14336 0 0 0 12288 0 14336 14336 8192 0 12288 4096 0 0 0 0 0 0 0 0 0 14336 8192 6144 6144 6144 16384 12288 0 0 0 0 8192 6144 0 12288 
0 0 4096 0 
8192 6144 0 16384 14336 0 12288 0 12288 0 0 6144 0 0 0 0 10240 14336 0 4096 8192 4096 0 0 6144 0 16384 0 0 8192 0 6144 4096 12288 0 0 0 0 0 16384 14336 0 0 0 16384 0 12288 0 0 10240 0 4096 10240 10240 16384 8192 0 0 4096 16384 14336 14336 0 0 0 0 0 16384 0 16384 0 12288 0 0 6144 0 0 0 8192 8192 0 14336 14336 0 14336 4096 0 14336 4096 16384 0 0 0 0 4096 6144 16384 0 14336 0 
0 0 4096 0 
0 0 0 4096 12288 0 0 6144 10240 0 0 0 4096 10240 8192 4096 14336 0 0 0 0 0 10240 0 0 0 16384 16384 0 0 0 8192 10240 0 16384 0 0 14336 0 0 16384 16384 0 0 12288 14336 14336 16384 8192 8192 12288 0 0 16384 14336 0 0 0 12288 14336 0 0 10240 0 14336 0 8192 10240 0 0 0 0 6144 0 0 0 14336 4096 0 4096 10240 0 0 0 0 8192 0 0 8192 10240 0 0 0 0 14336 12288 0 0 6144 8192 
0 0 4096 0 
16384 16384 4096 0 0 0 0 8192 0 4096 0 0 12288 0 6144 0 16384 0 6144 0 0 12288 0 0 16384 4096 0 0 0 0 0 0 0 8192 10240 8192 0 6144 6144 0 10240 0 12288 0 0 0 0 0 12288 0 0 0 12288 0 0 0 6144 16384 0 16384 0 16384 8192 0 4096 0 16384 8192 10240 0 0 0 0 10240 0 0 4096 0 10240 4096 0 0 8192 0 16384 14336 0 0 8192 0 0 10240 0 0 12288 8192 0 16384 0 6144 
0 0 4096 0 
0 8192 14336 0 0 14336 8192 0 0 0 10240 16384 14336 8192 4096 16384 0 0 0 6144 0 8192 0 0 0 0 0 6144 0 0 0 0 0 0 0 0 0 4096 0 0 8192 0 0 14336 4096 0 0 14336 0 8192 0 4096 0 4096 14336 0 0 0 0 8192 0 0 0 14336 14336 0 12288 0 0 0 0 0 12288 0 0 0 0 0 0 6144 0 10240 0 0 16384 16384 0 10240 0 0 6144 0 4096 0 0 12288 14336 8192 8192 16384 
0 4096 0 0 
0 0 0 16384 0 14336 0 8192 8192 16384 0 0 0 0 0 0 0 12288 0 8192 16384 0 8192 0 8192 0 6144 0 0 14336 0 12288 8192 0 0 8192 0 0 0 14336 4096 8192 0 0 0 0 0 4096 0 0 14336 0 0 4096 0 12288 14336 0 14336 0 0 0 16384 16384 0 0 14336 0 4096 0 0 0 0 0 0 0 0 0 0 16384 14336 0 0 0 0 0 0 0 6144 0 0 8192 10240 10240 0 0 0 0 0 0 
0 4096 0 0 
12288 0 8192 16384 8192 0 0 12288 4096 8192 0 0 0 0 14336 0 0 0 4096 0 0 0 0 0 16384 0 0 0 0 12288 16384 10240 0 0 4096 0 0 0 0 12288 16384 0 0 0 0 16384 0 0 0 0 12288 10240 0 16384 0 0 6144 0 10240 4096 0 0 0 0 0 4096 16384 0 6144 14336 0 0 14336 0 16384 8192 8192 0 8192 0 0 4096 0 0 0 0 0 0 8192 14336 12288 16384 10240 0 8192 0 6144 4096 14336 0 
0 0 4096 0 
0 0 0 0 0 0 16384 0 10240 0 10240 0 0 10240 16384 14336 0 12288 8192 8192 8192 12288 8192 10240 0 6144 0 6144 6144 0 0 0 8192 0 4096 0 10240 0 0 14336 0 0 0 4096 8192 0 0 10240 12288 6144 0 0 12288 0 8192 0 10240 14336 0 16384 6144 0 0 10240 6144 0 16384 0 0 0 0 0 10240 0 0 0 10240 12288 0 12288 6144 0 0 8192 16384 14336 8192 4096 8192 0 16384 12288 8192 10240 14336 0 0 0 0 8192 
0 0 4096 0 
0 12288 0 8192 0 0 16384 0 0 0 0 0 8192 10240 16384 0 0 0 0 8192 0 14336 0 0 6144 0 4096 14336 6144 0 0 4096 0 4096 10240 16384 0 10240 0 0 0 10240 0 0 8192 12288 12288 0 0 0 0 0 0 0 0 16384 0 0 0 0 6144 0 0 0 0 8192 12288 0 0 0 0 0 6144 10240 0 6144 14336 0 0 0 14336 14336 0 8192 12288 12288 10240 0 0 0 4096 6144 0 16384 0 12288 0 8192 6144 0 
0 0 4096 0 
0 10240 0 4096 0 0 12288 0 4096 0 8192 16384 8192 6144 12288 12288 16384 0 0 0 0 0 0 0 0 0 0 12288 0 0 0 0 4096 16384 12288 16384 0 10240 8192 4096 0 0 0 6144 4096 0 0 0 10240 0 14336 0 10240 0 0 0 0 14336 0 0 0 0 14336 0 0 4096 14336 0 0 0 0 0 0 0 6144 0 0 0 8192 16384 0 10240 12288 0 0 16384 14336 12288 0 6144 0 16384 0 12288 0 0 4096 6144 14336 10240 
0 0 4096 0 
0 0 10240 4096 0 0 0 0 0 12288 12288 12288 8192 0 0 12288 6144 0 0 0 12288 0 14336 0 0 4096 0 14336 0 6144 0 0 0 0 0 0 0 0 0 0 16384 0 0 14336 16384 10240 0 6144 0 0 0 10240 0 0 0 0 14336 0 0 0 0 12288 0 12288 0 0 0 8192 4096 0 0 8192 8192 0 8192 14336 0 4096 0 12288 0 0 6144 0 16384 10240 14336 0 0 0 4096 4096 0 0 0 0 0 0 0 10240 
0 4096 0 0 
10240 0 0 0 0 12288 8192 0 0 0 0 0 0 0 0 0 12288 0 0 6144 4096 16384 0 0 0 16384 0 0 4096 0 6144 16384 0 0 10240 0 16384 0 0 14336 0 0 8192 0 6144 0 14336 0 8192 16384 16384 4096 0 0 14336 0 0 0 0 4096 8192 0 6144 0 0 12288 0 6144 16384 8192 0 0 10240 6144 10240 0 14336 0 0 0 0 6144 0 0 0 0 0 0 4096 0 0 4096 0 0 8192 0 0 4096 0 8192 
0 4096 0 0 
6144 0 12288 0 0 12288 0 0 0 0 12288 0 0 0 10240 0 14336 10240 0 4096 0 8192 14336 6144 0 0 0 6144 14336 0 0 14336 0 6144 12288 0 0 6144 0 0 0 0 0 0 0 14336 0 0 0 0 0 0 0 0 0 0 0 8192 16384 6144 10240 12288 16384 0 0 12288 0 0 0 0 0 0 0 0 0 0 0 0 0 0 0 6144 8192 0 8192 0 0 0 0 0 0 4096 4096 0 6144 0 14336 0 4096 0 
0 4096 0 0 
16384 10240 0 16384 16384 14336 16384 6144 14336 0 12288 8192 0 14336 0 0 0 0 0 6144 16384 12288 0 0 0 16384 0 4096 0 14336 0 6144 0 14336 0 0 0 6144 0 0 0 0 12288 0 0 0 0 16384 0 0 0 0 0 10240 16384 0 0 16384 14336 0 0 0 0 14336 10240 0 0 0 10240 12288 0 0 10240 0 0 12288 0 0 0 0 6144 0 0 0 0 16384 8192 0 0 0 4096 10240 8192 6144 0 12288 0 0 0 12288 
0 4096 0 0 
0 0 8192 8192 0 0 14336 16384 0 0 0 0 0 0 0 0 0 0 0 10240 0 0 0 6144 0 0 0 8192 0 14336 0 8192 0 0 8192 10240 0 10240 0 0 0 0 6144 0 0 0 8192 8192 0 0 0 10240 0 0 14336 0 0 0 16384 0 6144 0 0 0 0 12288 0 12288 6144 0 8192 16384 0 6144 6144 4096 0 0 0 0 0 0 0 4096 0 0 0 0 16384 0 14336 8192 14336 0 0 4096 0 4096 6144 0 
0 4096 0 0 
8192 16384 14336 0 8192 0 12288 14336 16384 8192 0 8192 14336 0 6144 0 6144 8192 14336 0 0 10240 16384 0 0 10240 14336 0 0 10240 12288 14336 0 4096 6144 14336 10240 10240 0 6144 8192 10240 12288 16384 0 6144 6144 8192 0 16384 14336 8192 0 12288 10240 12288 6144 0 8192 16384 6144 6144 4096 0 10240 0 0 16384 4096 6144 14336 4096 12288 6144 6144 14336 0 16384 0 16384 0 0 12288 10240 4096 0 0 12288 12288 0 16384 12288 12288 6144 4096 12288 10240 0 12288 4096 
0 0 4096 0 
0 16384 6144 6144 10240 14336 0 4096 8192 10240 0 8192 8192 14336 0 0 14336 0 6144 0 16384 4096 8192 6144 6144 16384 0 12288 16384 16384 0 10240 6144 6144 4096 0 14336 0 8192 12288 4096 8192 0 0 12288 10240 0 6144 12288 0 0 10240 6144 0 4096 16384 0 6144 4096 6144 12288 8192 8192 10240 6144 12288 4096 0 8192 16384 0 14336 12288 14336 16384 16384 14336 6144 12288 16384 0 4096 0 4096 0 0 16384 8192 8192 6144 0 14336 0 14336 14336 14336 12288 0 0 0 
0 0 4096 0 
4096 6144 8192 10240 0 6144 0 10240 0 6144 16384 0 6144 10240 0 14336 0 0 6144 6144 12288 8192 0 16384 0 16384 14336 0 14336 0 8192 0 8192 12288 6144 0 8192 6144 4096 0 12288 8192 12288 14336 16384 8192 10240 0 0 0 12288 6144 0 14336 4096 6144 6144 8192 6144 12288 0 14336 4096 14336 0 0 10240 0 12288 14336 0 16384 12288 0 8192 4096 8192 0 8192 0 12288 8192 8192 0 16384 0 0 8192 10240 0 0 0 8192 0 0 12288 4096 8192 14336 0 
0 0 4096 0 
8192 16384 0 4096 0 0 8192 4096 0 14336 16384 6144 16384 10240 12288 0 14336 6144 10240 4096 0 0 14336 10240 0 16384 10240 12288 0 0 0 0 6144 8192 0 0 10240 8192 4096 6144 0 14336 12288 8192 0 12288 8192 4096 0 10240 0 8192 14336 4096 8192 10240 14336 16384 10240 12288 12288 0 12288 10240 16384 8192 4096 0 0 12288 12288 8192 0 10240 14336 10240 0 12288 12288 0 0 16384 16384 8192 8192 0 6144 0 14336 12288 0 4096 0 0 12288 6144 6144 12288 0 8192 
0 0 4096 0 
10240 10240 6144 6144 12288 16384 16384 0 10240 10240 8192 0 0 0 10240 0 0 12288 0 0 10240 12288 16384 12288 10240 10240 10240 0 16384 0 6144 6144 10240 0 4096 16384 0 12288 8192 0 6144 10240 10240 4096 4096 8192 0 4096 8192 14336 10240 12288 14336 6144 0 12288 10240 6144 14336 12288 4096 4096 16384 10240 0 0 0 16384 0 16384 0 6144 10240 14336 10240 0 16384 8192 0 8192 0 16384 8192 6144 6144 10240 14336 0 4096 12288 0 6144 16384 4096 0 0 8192 0 0 4096 
0 0 4096 0 
0 14336 14336 0 0 10240 4096 10240 10240 12288 4096 0 12288 10240 16384 12288 4096 6144 0 12288 10240 0 12288 16384 0 6144 0 0 0 6144 16384 12288 4096 4096 0 14336 6144 4096 0 4096 16384 14336 4096 6144 4096 8192 0 16384 10240 10240 10240 0 0 12288 0 0 6144 16384 8192 6144 14336 16384 0 16384 14336 8192 6144 4096 8192 12288 0 0 8192 8192 6144 0 12288 10240 16384 16384 10240 14336 12288 0 8192 10240 10240 12288 6144 4096 16384 4096 6144 8192 8192 4096 0 8192 8192 0 
0 0 4096 0 
0 6144 0 12288 0 6144 8192 8192 8192 8192 0 14336 14336 0 6144 12288 10240 14336 0 6144 8192 8192 0 12288 6144 8192 0 12288 0 10240 8192 0 6144 0 0 4096 14336 14336 4096 0 12288 8192 12288 14336 4096 8192 16384 0 12288 16384 6144 4096 0 4096 14336 0 6144 0 14336 0 12288 0 6144 14336 0 10240 14336 0 0 0 12288 8192 0 4096 0 12288 16384 10240 8192 4096 10240 14336 12288 12288 10240 16384 12288 16384 0 14336 16384 6144 6144 4096 6144 14336 14336 0 16384 0 
0 0 4096 0 
4096 0 4096 0 0 0 14336 0 6144 12288 0 10240 12288 6144 4096 4096 8192 8192 8192 8192 0 6144 0 16384 16384 8192 10240 16384 10240 0 4096 6144 0 4096 4096 16384 16384 12288 12288 8192 0 14336 12288 4096 0 6144 14336 0 4096 6144 8192 0 6144 10240 12288 0 8192 10240 16384 0 12288 0 8192 4096 12288 8192 0 10240 12288 0 0 6144 0 8192 0 0 6144 0 16384 4096 14336 12288 0 8192 16384 10240 6144 0 0 14336 0 4096 12288 0 16384 4096 4096 14336 4096 0 
0 0 4096 0 
0 8192 14336 0 12288 0 12288 10240 4096 0 12288 0 8192 12288 0 12288 14336 6144 0 6144 16384 4096 10240 0 0 4096 0 16384 4096 0 14336 0 10240 16384 12288 0 8192 12288 14336 10240 16384 0 12288 10240 8192 14336 0 8192 10240 4096 0 6144 4096 4096 12288 0 0 10240 0 8192 10240 0 12288 0 4096 16384 6144 4096 10240 8192 12288 14336 12288 0 0 8192 0 6144 8192 4096 4096 4096 12288 0 4096 16384 4096 0 4096 0 10240 8192 12288 6144 14336 0 0 0 16384 6144 
0 0 4096 0 
0 10240 0 14336 12288 6144 0 6144 4096 14336 6144 10240 0 0 6144 14336 16384 4096 12288 12288 16384 12288 16384 10240 0 0 14336 8192 10240 14336 0 6144 0 0 16384 16384 0 14336 6144 4096 0 12288 12288 12288 12288 0 14336 4096 10240 0 6144 12288 12288 6144 16384 0 4096 10240 12288 4096 0 10240 10240 0 4096 0 0 4096 14336 14336 12288 0 8192 0 0 14336 0 4096 0 8192 10240 0 0 6144 10240 16384 0 8192 0 0 0 0 14336 4096 14336 16384 0 4096 14336 12288 
0 0 4096 0 
0 10240 8192 14336 0 0 16384 0 4096 0 0 16384 0 8192 14336 6144 4096 12288 8192 10240 14336 16384 4096 6144 0 4096 14336 16384 0 0 6144 0 10240 6144 6144 10240 6144 6144 0 10240 14336 4096 0 4096 8192 8192 12288 0 16384 12288 8192 16384 10240 0 0 8192 16384 10240 0 4096 0 14336 12288 8192 0 4096 10240 0 16384 16384 0 10240 10240 8192 0 12288 6144 16384 16384 10240 6144 10240 14336 14336 0 0 6144 12288 6144 12288 12288 0 4096 8192 4096 14336 14336 6144 4096 0 
0 0 4096 0 
10240 16384 14336 6144 12288 0 0 0 0 10240 0 4096 10240 12288 0 0 8192 6144 0 12288 12288 12288 10240 6144 0 8192 0 4096 16384 10240 12288 0 14336 10240 10240 8192 6144 8192 0 0 10240 6144 0 4096 6144 0 0 4096 14336 4096 8192 12288 8192 12288 12288 16384 8192 10240 6144 14336 16384 16384 6144 4096 10240 10240 6144 4096 14336 0 16384 0 6144 6144 8192 0 4096 6144 6144 10240 4096 6144 10240 8192 16384 0 0 0 6144 0 16384 0 0 14336 0 0 8192 4096 16384 10240 
0 0 4096 0 
0 8192 0 4096 10240 10240 0 4096 0 6144 14336 16384 0 14336 10240 4096 0 0 10240 8192 16384 8192 8192 0 16384 0 10240 0 14336 16384 8192 6144 6144 12288 10240 4096 0 10240 16384 4096 8192 4096 0 10240 0 14336 0 4096 0 0 0 12288 6144 0 10240 0 16384 8192 4096 4096 0 0 14336 12288 0 0 8192 12288 12288 0 8192 16384 4096 16384 0 14336 8192 0 8192 14336 0 0 0 10240 16384 10240 4096 8192 4096 16384 12288 0 16384 12288 10240 8192 14336 14336 0 12288 
0 0 4096 0 
8192 4096 6144 4096 16384 6144 12288 6144 14336 0 6144 8192 8192 4096 4096 6144 4096 14336 0 12288 0 4096 0 6144 6144 0 0 8192 10240 12288 16384 0 8192 8192 0 0 4096 6144 8192 12288 8192 0 0 0 0 16384 14336 0 0 10240 10240 6144 14336 0 4096 8192 0 0 14336 6144 0 16384 0 0 16384 8192 8192 10240 0 16384 12288 10240 6144 6144 4096 14336 14336 0 0 8192 6144 8192 8192 6144 12288 14336 0 0 16384 0 4096 10240 6144 0 16384 12288 12288 10240 12288 0 
0 0 4096 0 
8192 16384 0 0 14336 8192 4096 0 0 8192 6144 10240 0 4096 16384 0 0 4096 14336 0 14336 0 4096 8192 0 14336 0 4096 16384 4096 12288 12288 6144 12288 8192 12288 0 16384 0 10240 14336 14336 0 0 14336 16384 0 0 4096 4096 16384 14336 12288 4096 8192 12288 6144 6144 16384 16384 0 14336 6144 14336 8192 4096 6144 16384 0 8192 10240 12288 14336 0 0 0 10240 12288 16384 6144 12288 12288 6144 0 16384 14336 14336 0 0 0 16384 0 12288 4096 4096 8192 14336 0 12288 6144 
0 0 4096 0 
14336 4096 0 14336 14336 0 10240 12288 14336 12288 12288 0 0 6144 8192 6144 14336 14336 6144 0 10240 4096 0 16384 14336 10240 8192 14336 14336 16384 0 6144 0 10240 0 0 10240 0 12288 0 6144 6144 8192 12288 0 6144 0 14336 10240 0 14336 6144 0 16384 16384 14336 4096 4096 0 10240 14336 4096 8192 0 14336 4096 8192 10240 10240 10240 12288 0 12288 10240 12288 0 10240 8192 6144 6144 6144 4096 8192 8192 0 12288 4096 6144 10240 10240 8192 0 12288 0 0 6144 14336 0 12288 4096 
0 0 4096 0 
8192 14336 4096 0 4096 10240 10240 0 10240 10240 10240 4096 0 16384 14336 0 4096 8192 10240 0 4096 12288 8192 0 4096 0 0 6144 14336 0 0 0 16384 4096 10240 0 14336 14336 10240 6144 6144 10240 0 16384 10240 16384 12288 14336 10240 6144 14336 0 0 12288 4096 8192 14336 0 12288 6144 10240 0 0 4096 6144 10240 8192 14336 0 6144 0 0 10240 14336 0 8192 0 0 8192 0 16384 8192 0 6144 0 0 4096 10240 6144 12288 0 10240 0 14336 14336 6144 0 6144 8192 0 
0 0 4096 0 
0 16384 16384 0 6144 4096 0 14336 12288 4096 12288 0 0 4096 8192 8192 8192 14336 0 0 0 14336 6144 4096 12288 8192 0 4096 0 8192 4096 6144 8192 4096 12288 4096 10240 14336 16384 0 10240 6144 12288 0 14336 0 0 0 6144 0 6144 10240 0 14336 0 10240 0 12288 0 16384 16384 16384 0 4096 12288 8192 0 8192 0 0 6144 16384 8192 16384 6144 14336 4096 4096 0 0 0 0 14336 10240 0 10240 0 0 14336 14336 0 14336 16384 16384 14336 0 0 0 10240 10240 
0 0 4096 0 
12288 10240 0 14336 14336 12288 8192 0 12288 6144 0 6144 6144 14336 6144 14336 8192 6144 4096 4096 0 14336 0 0 14336 14336 14336 0 0 12288 0 14336 6144 4096 12288 16384 0 14336 0 0 16384 12288 14336 8192 6144 10240 12288 0 0 4096 4096 4096 4096 10240 10240 6144 0 6144 0 0 0 0 0 10240 10240 0 12288 0 16384 0 4096 4096 16384 8192 0 0 14336 12288 0 10240 0 8192 16384 10240 12288 0 16384 8192 0 10240 10240 14336 0 12288 8192 10240 8192 6144 0 12288 
0 0 4096 0 
0 14336 4096 12288 0 0 16384 6144 12288 8192 0 0 6144 0 0 0 10240 0 6144 0 16384 16384 8192 8192 0 6144 16384 0 4096 10240 12288 4096 0 4096 0 0 10240 14336 12288 8192 4096 0 10240 12288 10240 0 4096 0 0 14336 10240 8192 12288 6144 16384 6144 4096 8192 0 8192 6144 12288 14336 12288 6144 6144 8192 0 0 10240 16384 0 14336 6144 0 8192 14336 10240 8192 0 4096 12288 10240 10240 0 0 0 0 4096 0 0 12288 6144 10240 8192 0 4096 12288 8192 0 
0 0 4096 0 
8192 12288 6144 10240 0 6144 4096 12288 6144 0 6144 0 14336 16384 0 4096 0 0 14336 12288 12288 14336 0 10240 10240 4096 4096 12288 10240 6144 4096 12288 16384 10240 16384 0 4096 0 6144 0 6144 8192 0 14336 8192 16384 0 8192 6144 0 16384 6144 16384 4096 4096 0 0 10240 6144 16384 4096 8192 4096 6144 0 12288 0 8192 14336 14336 10240 12288 8192 8192 12288 0 0 6144 10240 12288 6144 8192 0 10240 10240 14336 6144 14336 6144 6144 14336 0 0 4096 12288 0 16384 14336 14336 12288 
0 0 4096 0 
10240 12288 8192 16384 16384 0 8192 4096 14336 0 16384 0 8192 8192 6144 0 0 0 0 12288 0 14336 0 8192 14336 6144 0 16384 0 14336 4096 0 8192 16384 14336 0 0 10240 14336 14336 14336 16384 0 14336 0 6144 14336 14336 16384 10240 4096 10240 12288 0 0 14336 4096 4096 0 0 0 10240 6144 6144 4096 12288 14336 14336 6144 14336 14336 0 16384 16384 12288 0 0 8192 0 8192 4096 0 10240 12288 8192 6144 0 4096 4096 14336 4096 6144 0 0 10240 6144 0 16384 16384 0 
0 0 4096 0 
0 16384 6144 4096 12288 16384 14336 0 0 0 8192 12288 6144 10240 6144 14336 10240 6144 8192 16384 14336 6144 12288 0 12288 16384 0 6144 0 0 16384 14336 0 4096 8192 14336 6144 14336 4096 8192 0 4096 0 4096 12288 0 10240 12288 0 16384 10240 6144 0 4096 0 4096 0 14336 6144 12288 10240 8192 0 10240 16384 4096 14336 16384 8192 6144 4096 0 16384 0 10240 0 0 0 0 10240 8192 0 0 0 12288 16384 12288 4096 0 10240 14336 0 10240 0 10240 0 0 0 12288 6144 
0 0 4096 0 
6144 6144 8192 0 8192 16384 6144 14336 0 0 0 10240 0 0 12288 16384 8192 4096 6144 10240 0 8192 4096 0 14336 14336 0 0 10240 16384 14336 14336 6144 10240 6144 0 16384 16384 10240 6144 0 10240 12288 8192 0 12288 0 12288 8192 0 12288 6144 8192 6144 0 4096 10240 4096 0 10240 0 6144 0 10240 10240 0 12288 12288 16384 0 14336 0 8192 16384 12288 4096 6144 10240 12288 12288 8192 10240 6144 8192 8192 8192 8192 6144 0 6144 6144 12288 12288 4096 12288 6144 16384 14336 0 16384 
0 0 4096 0 
8192 0 0 0 0 12288 0 6144 6144 8192 12288 10240 4096 10240 8192 4096 14336 0 0 8192 0 12288 0 16384 0 8192 14336 12288 4096 0 6144 12288 0 6144 12288 10240 10240 14336 4096 10240 0 0 10240 4096 10240 10240 8192 4096 12288 12288 16384 10240 14336 4096 0 16384 8192 16384 10240 6144 6144 12288 0 16384 16384 10240 4096 4096 8192 0 12288 12288 10240 4096 0 0 12288 8192 0 14336 14336 4096 8192 6144 0 14336 0 0 4096 8192 6144 8192 0 0 6144 16384 16384 4096 12288 6144 
0 0 4096 0 
0 8192 0 6144 14336 16384 10240 4096 12288 0 0 12288 0 10240 10240 0 4096 16384 8192 4096 0 16384 12288 10240 4096 0 0 0 14336 16384 8192 0 8192 16384 0 0 16384 0 0 16384 0 8192 0 12288 4096 14336 12288 0 4096 10240 16384 0 0 12288 0 6144 14336 10240 0 10240 0 14336 0 12288 10240 14336 14336 12288 6144 6144 4096 6144 16384 4096 0 0 12288 16384 10240 16384 0 0 0 12288 14336 8192 0 0 8192 14336 0 0 8192 4096 0 0 16384 12288 0 10240 
0 0 4096 0 
4096 8192 0 10240 0 10240 0 10240 6144 8192 6144 12288 14336 16384 10240 16384 14336 12288 10240 14336 12288 12288 0 16384 16384 12288 14336 6144 6144 6144 10240 16384 16384 12288 8192 0 14336 0 16384 14336 16384 4096 16384 0 14336 0 14336 0 0 10240 0 0 16384 10240 0 12288 10240 4096 0 14336 0 4096 0 12288 0 8192 4096 0 6144 4096 14336 14336 6144 8192 6144 12288 10240 6144 4096 0 14336 0 4096 16384 0 6144 0 10240 0 12288 0 10240 4096 12288 0 0 4096 10240 0 0 
0 0 4096 0 
0 12288 16384 10240 0 4096 8192 0 0 16384 4096 10240 12288 16384 8192 0 14336 0 14336 8192 8192 4096 16384 0 0 16384 8192 0 0 6144 4096 0 0 8192 6144 0 10240 0 10240 10240 14336 12288 0 12288 0 6144 0 10240 0 8192 10240 0 6144 6144 8192 16384 10240 8192 16384 10240 10240 4096 14336 8192 0 16384 10240 16384 10240 4096 8192 10240 0 16384 8192 12288 0 0 0 8192 8192 0 4096 6144 12288 14336 10240 0 10240 0 16384 4096 10240 0 16384 12288 8192 0 10240 4096 
0 0 4096 0 
16384 0 8192 14336 0 0 6144 8192 16384 4096 10240 16384 10240 4096 0 0 12288 10240 6144 4096 12288 14336 0 16384 0 0 12288 0 12288 0 0 8192 4096 14336 4096 16384 6144 8192 6144 4096 8192 0 4096 6144 14336 8192 4096 0 10240 6144 14336 8192 6144 16384 0 14336 12288 8192 0 0 8192 16384 8192 0 12288 16384 0 0 16384 8192 8192 14336 12288 14336 0 8192 12288 6144 0 10240 16384 0 0 10240 6144 0 16384 0 0 0 16384 12288 0 8192 0 0 4096 0 0 8192 
0 0 4096 0 
12288 12288 14336 4096 8192 0 6144 14336 16384 14336 8192 0 0 4096 10240 0 14336 14336 14336 0 8192 0 4096 0 14336 10240 16384 6144 4096 6144 0 0 0 0 0 0 4096 0 6144 16384 8192 0 6144 0 6144 10240 12288 4096 16384 0 16384 6144 12288 0 6144 16384 0 12288 6144 0 8192 16384 10240 16384 16384 14336 0 6144 0 4096 14336 6144 6144 14336 0 0 16384 4096 12288 14336 6144 16384 16384 0 0 10240 6144 8192 16384 14336 0 0 6144 4096 4096 16384 0 0 10240 12288 
0 0 4096 0 
0 14336 0 0 12288 10240 4096 10240 4096 10240 12288 12288 16384 14336 14336 0 0 10240 10240 8192 0 16384 10240 0 14336 8192 8192 0 0 12288 4096 12288 14336 4096 0 16384 8192 0 0 16384 16384 0 0 10240 12288 10240 6144 6144 14336 0 8192 0 16384 16384 0 16384 8192 10240 8192 6144 0 8192 4096 4096 6144 0 0 14336 10240 12288 12288 6144 0 0 6144 14336 0 10240 0 0 14336 8192 14336 8192 0 12288 16384 12288 10240 12288 4096 10240 14336 12288 4096 0 0 4096 10240 4096 
0 0 4096 0 
6144 6144 8192 0 0 0 16384 8192 0 10240 8192 0 0 12288 16384 0 16384 8192 8192 16384 0 14336 0 10240 0 8192 16384 16384 16384 10240 4096 0 16384 8192 4096 0 4096 14336 8192 10240 0 0 4096 12288 0 10240 8192 12288 4096 12288 4096 16384 0 16384 10240 6144 0 16384 0 0 6144 0 16384 6144 0 8192 10240 0 10240 14336 0 0 16384 12288 12288 0 0 12288 6144 16384 0 0 8192 10240 14336 4096 14336 12288 6144 0 14336 6144 8192 14336 6144 12288 14336 0 16384 6144 
0 0 4096 0 
10240 14336 6144 0 16384 14336 0 8192 0 4096 10240 0 0 0 10240 0 0 0 0 0 4096 10240 4096 14336 0 10240 6144 8192 14336 14336 4096 0 6144 6144 0 4096 4096 8192 14336 0 8192 6144 0 14336 0 8192 0 16384 12288 14336 0 0 12288 0 0 12288 4096 0 0 0 10240 0 12288 0 0 0 8192 14336 0 10240 10240 8192 6144 0 4096 14336 0 4096 0 14336 6144 14336 8192 14336 8192 8192 4096 14336 8192 12288 16384 0 8192 10240 14336 4096 12288 12288 4096 14336 
0 0 4096 0 
8192 10240 16384 0 16384 4096 4096 12288 0 12288 0 12288 12288 10240 0 0 6144 0 14336 8192 16384 0 0 14336 8192 14336 6144 0 16384 4096 6144 6144 12288 14336 6144 12288 14336 4096 4096 8192 16384 8192 16384 6144 4096 16384 16384 0 6144 6144 4096 0 10240 4096 0 0 0 4096 10240 14336 0 0 10240 0 14336 8192 12288 12288 12288 4096 0 10240 0 12288 10240 10240 4096 10240 6144 0 16384 10240 16384 4096 16384 14336 12288 8192 0 0 8192 4096 12288 16384 10240 4096 10240 6144 8192 0 
0 0 4096 0 
6144 0 6144 12288 4096 0 0 16384 0 0 10240 12288 4096 14336 0 12288 0 16384 0 4096 0 12288 0 0 10240 6144 14336 0 12288 6144 0 6144 14336 0 16384 6144 4096 0 0 0 14336 0 0 0 4096 14336 4096 0 0 4096 12288 4096 0 16384 0 14336 4096 10240 0 12288 10240 16384 0 12288 10240 16384 8192 0 4096 16384 0 4096 12288 10240 16384 0 6144 14336 0 8192 10240 0 0 12288 6144 14336 0 0 12288 0 8192 12288 4096 14336 12288 0 6144 16384 16384 4096 
0 0 4096 0 
12288 14336 0 8192 8192 14336 12288 10240 0 4096 10240 0 6144 4096 12288 0 14336 4096 14336 6144 0 10240 8192 10240 8192 0 10240 0 4096 6144 4096 0 0 6144 14336 10240 8192 16384 10240 6144 4096 12288 0 4096 14336 0 0 10240 8192 14336 0 0 12288 8192 6144 8192 12288 8192 0 16384 0 0 12288 0 14336 8192 12288 8192 12288 4096 4096 0 8192 14336 0 14336 0 12288 10240 6144 14336 8192 14336 12288 4096 0 0 16384 4096 0 14336 10240 12288 10240 16384 12288 4096 14336 0 12288 
0 0 4096 0 
10240 0 16384 4096 10240 6144 4096 12288 14336 6144 0 12288 0 0 0 16384 12288 0 10240 4096 8192 4096 12288 10240 8192 6144 12288 16384 0 16384 10240 4096 16384 4096 4096 8192 10240 0 10240 12288 16384 0 16384 0 16384 6144 6144 4096 6144 0 0 4096 0 10240 16384 0 0 0 4096 14336 14336 6144 0 6144 8192 0 14336 0 6144 6144 0 0 16384 12288 6144 12288 6144 12288 6144 8192 0 0 0 14336 12288 14336 0 8192 0 10240 8192 0 10240 0 8192 0 6144 0 6144 14336 
0 0 4096 0 
0 0 0 12288 16384 10240 6144 0 14336 10240 6144 0 8192 4096 0 6144 12288 0 0 10240 10240 16384 0 8192 6144 0 8192 8192 8192 14336 12288 6144 10240 6144 4096 8192 12288 0 6144 8192 0 10240 0 10240 0 4096 14336 16384 0 4096 6144 0 12288 0 12288 6144 14336 8192 0 4096 0 4096 0 10240 0 0 14336 0 12288 0 10240 12288 4096 0 0 14336 0 0 12288 6144 10240 8192 6144 8192 0 14336 0 0 0 8192 12288 0 8192 14336 0 8192 14336 12288 14336 12288 
0 0 4096 0 
0 0 6144 6144 8192 16384 4096 16384 0 8192 16384 14336 12288 14336 16384 4096 6144 6144 0 16384 4096 4096 16384 4096 14336 10240 0 0 10240 8192 8192 0 0 12288 16384 4096 12288 12288 14336 0 16384 6144 0 8192 4096 4096 6144 0 4096 0 16384 4096 0 8192 8192 0 0 14336 12288 6144 6144 10240 10240 6144 0 4096 14336 10240 0 10240 14336 12288 6144 12288 12288 0 6144 10240 14336 4096 12288 0 10240 0 0 10240 0 12288 0 0 4096 0 16384 4096 10240 0 16384 14336 0 0 
0 0 4096 0 
14336 6144 0 16384 0 0 10240 6144 4096 14336 12288 6144 10240 16384 8192 4096 8192 0 10240 0 10240 0 6144 14336 4096 6144 0 14336 0 16384 6144 0 10240 10240 16384 10240 0 0 0 14336 6144 8192 4096 0 12288 14336 14336 6144 12288 14336 12288 10240 10240 6144 16384 6144 0 0 0 0 10240 8192 6144 8192 4096 16384 0 4096 0 12288 6144 0 0 14336 0 0 0 12288 0 12288 4096 0 0 0 8192 12288 4096 0 8192 8192 12288 14336 6144 6144 14336 8192 0 0 14336 14336 
0 0 4096 0 
0 16384 0 10240 14336 4096 10240 10240 16384 0 16384 6144 4096 4096 12288 0 10240 4096 14336 0 0 0 16384 8192 4096 0 4096 14336 12288 0 4096 10240 0 8192 12288 12288 14336 14336 0 16384 0 0 0 0 0 14336 0 12288 6144 0 0 16384 8192 14336 0 8192 14336 0 0 8192 4096 6144 12288 10240 12288 10240 6144 10240 6144 0 12288 16384 0 12288 4096 10240 6144 0 4096 4096 0 4096 0 12288 14336 8192 10240 6144 6144 12288 6144 4096 10240 12288 0 12288 10240 16384 14336 14336 
0 0 4096 0 
16384 14336 0 6144 0 10240 14336 16384 6144 0 4096 0 12288 14336 0 14336 0 0 16384 14336 12288 16384 4096 0 0 4096 12288 8192 8192 12288 0 12288 14336 10240 6144 0 0 4096 14336 0 12288 16384 0 14336 12288 14336 14336 4096 16384 0 8192 10240 16384 10240 12288 14336 8192 8192 0 16384 0 4096 0 12288 0 8192 10240 10240 0 10240 14336 0 4096 10240 4096 10240 16384 10240 12288 16384 10240 8192 0 12288 8192 6144 8192 14336 0 12288 14336 16384 0 4096 4096 6144 12288 16384 14336 0 
0 0 4096 0 
0 0 0 6144 0 10240 16384 0 0 6144 16384 8192 6144 10240 10240 10240 0 14336 16384 8192 12288 4096 0 14336 12288 16384 12288 10240 4096 6144 16384 14336 10240 14336 14336 10240 0 0 4096 0 0 0 8192 8192 16384 0 14336 14336 6144 0 6144 10240 8192 10240 8192 0 8192 14336 12288 6144 12288 4096 14336 12288 8192 0 14336 0 12288 12288 0 10240 8192 4096 0 0 0 8192 0 10240 12288 8192 6144 0 16384 0 14336 6144 14336 0 0 6144 0 12288 0 4096 16384 0 16384 12288 
0 0 4096 0 
0 4096 16384 12288 0 14336 0 16384 8192 0 0 10240 0 4096 10240 10240 6144 8192 10240 8192 14336 16384 0 0 0 4096 16384 6144 12288 14336 10240 0 0 6144 0 4096 12288 14336 0 0 4096 0 0 12288 0 16384 0 10240 12288 14336 10240 12288 0 6144 8192 6144 14336 16384 8192 6144 12288 4096 8192 0 0 0 10240 8192 16384 8192 10240 16384 14336 8192 8192 12288 0 12288 0 6144 0 8192 0 0 12288 0 4096 4096 0 12288 4096 4096 8192 0 8192 0 14336 6144 14336 0 
0 0 4096 0 
0 0 0 16384 0 6144 0 8192 0 12288 14336 12288 14336 14336 0 14336 10240 8192 16384 0 8192 12288 8192 0 6144 8192 6144 6144 12288 16384 0 12288 4096 4096 0 10240 8192 0 10240 16384 0 10240 14336 10240 4096 14336 14336 16384 6144 0 0 10240 0 8192 8192 8192 4096 6144 6144 4096 16384 16384 16384 0 0 0 0 16384 16384 12288 6144 4096 0 8192 0 10240 0 8192 8192 0 10240 0 4096 0 12288 10240 0 0 14336 10240 12288 14336 6144 8192 0 6144 16384 16384 14336 4096 
0 0 4096 0 
0 0 14336 0 4096 14336 6144 14336 10240 12288 12288 8192 16384 0 0 10240 16384 0 0 12288 12288 0 0 0 0 0 0 0 0 14336 14336 0 6144 16384 12288 14336 4096 8192 4096 0 16384 6144 8192 0 0 10240 0 10240 12288 6144 16384 8192 16384 4096 14336 4096 16384 8192 12288 0 14336 10240 12288 10240 14336 8192 10240 14336 16384 14336 12288 12288 0 0 14336 12288 6144 8192 12288 0 0 16384 10240 14336 14336 10240 4096 0 14336 6144 8192 14336 12288 10240 0 6144 0 10240 14336 4096 
0 0 4096 0 
4096 0 0 0 16384 4096 4096 16384 0 0 0 14336 8192 16384 12288 0 12288 8192 0 8192 14336 6144 4096 16384 4096 16384 0 16384 0 8192 0 8192 6144 0 12288 12288 0 16384 6144 0 8192 16384 12288 0 16384 4096 12288 6144 4096 10240 0 8192 6144 0 4096 8192 6144 16384 8192 0 6144 0 0 10240 12288 6144 0 16384 0 8192 0 0 10240 6144 16384 8192 14336 4096 12288 8192 12288 8192 0 0 0 16384 8192 0 16384 0 6144 10240 6144 0 0 0 14336 12288 4096 12288 
0 0 4096 0 
0 16384 0 14336 0 0 0 0 16384 16384 10240 0 0 14336 0 6144 12288 12288 16384 16384 0 0 14336 10240 6144 10240 14336 0 6144 0 0 14336 14336 0 8192 6144 12288 4096 0 6144 4096 16384 0 0 12288 14336 4096 0 0 6144 14336 16384 10240 14336 0 14336 0 0 0 10240 10240 4096 12288 6144 0 0 0 0 12288 8192 14336 16384 6144 0 14336 12288 8192 8192 0 6144 4096 0 0 0 0 0 12288 8192 0 0 6144 10240 16384 6144 14336 14336 6144 6144 14336 0 
0 0 4096 0 
4096 14336 8192 4096 14336 16384 16384 4096 0 14336 8192 0 0 12288 0 16384 8192 0 6144 0 0 8192 16384 6144 10240 0 0 12288 12288 0 16384 6144 10240 10240 8192 12288 12288 12288 0 0 8192 0 4096 10240 0 4096 16384 12288 10240 12288 4096 6144 4096 0 4096 10240 0 14336 10240 0 4096 16384 10240 0 6144 4096 8192 14336 4096 0 6144 0 12288 0 14336 10240 0 0 6144 0 16384 0 6144 0 10240 10240 14336 0 16384 0 0 10240 6144 10240 8192 0 12288 0 0 14336 
0 0 4096 0 
4096 6144 14336 0 12288 12288 8192 16384 0 4096 0 4096 16384 4096 4096 0 0 12288 0 0 4096 0 12288 16384 8192 10240 4096 0 14336 16384 14336 0 0 4096 6144 0 14336 0 0 16384 16384 8192 8192 14336 12288 0 8192 16384 10240 16384 0 14336 12288 6144 8192 0 0 0 10240 0 6144 0 0 16384 16384 10240 0 10240 14336 0 0 16384 16384 14336 8192 0 0 14336 14336 6144 8192 0 16384 0 8192 6144 6144 6144 10240 14336 0 8192 4096 6144 14336 0 0 16384 14336 0 
0 0 4096 0 
10240 8192 8192 14336 16384 14336 16384 12288 4096 8192 8192 16384 6144 14336 10240 8192 8192 4096 16384 12288 12288 10240 0 10240 6144 10240 4096 16384 14336 16384 6144 10240 6144 14336 10240 12288 14336 4096 14336 4096 16384 4096 14336 0 12288 12288 14336 4096 12288 0 12288 16384 6144 16384 8192 14336 8192 8192 12288 8192 10240 0 4096 8192 14336 8192 12288 6144 12288 14336 10240 12288 16384 6144 10240 16384 6144 8192 10240 12288 16384 14336 4096 0 0 16384 12288 16384 6144 10240 4096 16384 0 0 12288 4096 12288 4096 14336 16384 
0 0 0 4096 
4096 8192 6144 4096 6144 8192 10240 12288 14336 4096 6144 4096 10240 8192 6144 0 10240 4096 12288 10240 10240 10240 14336 14336 16384 4096 4096 6144 10240 0 16384 16384 8192 4096 6144 16384 12288 10240 16384 10240 12288 0 10240 16384 8192 10240 0 16384 10240 10240 0 6144 16384 14336 0 12288 8192 12288 0 4096 14336 6144 16384 16384 8192 4096 16384 10240 6144 8192 4096 8192 10240 0 0 6144 4096 16384 6144 14336 10240 0 16384 10240 14336 4096 0 10240 4096 8192 16384 6144 4096 0 14336 10240 10240 8192 0 14336 
0 0 0 4096 
10240 12288 16384 16384 6144 0 6144 16384 16384 4096 0 10240 10240 0 12288 4096 10240 10240 0 16384 0 0 10240 16384 14336 8192 4096 14336 0 8192 16384 0 16384 16384 8192 14336 16384 16384 16384 4096 16384 12288 0 0 10240 16384 16384 14336 10240 12288 6144 14336 10240 10240 12288 14336 16384 14336 16384 6144 8192 12288 0 10240 14336 12288 14336 4096 0 16384 0 10240 8192 14336 14336 14336 4096 12288 10240 0 12288 10240 10240 8192 10240 8192 8192 6144 14336 4096 10240 12288 10240 4096 10240 4096 16384 12288 14336 14336 
0 0 0 4096 
14336 14336 10240 4096 4096 8192 10240 10240 10240 8192 8192 6144 4096 6144 14336 6144 16384 6144 6144 8192 14336 4096 8192 10240 0 14336 14336 10240 8192 10240 4096 12288 4096 4096 12288 6144 14336 8192 12288 8192 14336 14336 12288 16384 12288 8192 0 14336 14336 8192 12288 10240 14336 12288 16384 8192 10240 0 8192 4096 16384 4096 6144 10240 0 4096 4096 14336 4096 8192 8192 4096 4096 4096 8192 0 12288 6144 14336 8192 16384 0 16384 10240 12288 12288 6144 0 10240 8192 14336 12288 16384 4096 16384 4096 16384 16384 8192 0 
0 0 0 4096 
12288 0 8192 14336 14336 10240 10240 0 10240 12288 8192 10240 16384 14336 14336 16384 10240 12288 6144 10240 14336 0 4096 4096 10240 4096 4096 10240 4096 10240 6144 10240 0 8192 12288 4096 4096 0 16384 4096 10240 8192 0 10240 14336 4096 14336 0 10240 10240 0 8192 4096 4096 8192 14336 10240 8192 8192 10240 8192 8192 16384 6144 6144 10240 6144 10240 4096 16384 6144 16384 14336 16384 8192 12288 10240 6144 4096 10240 14336 10240 10240 4096 16384 10240 14336 0 16384 6144 10240 14336 4096 6144 16384 6144 6144 0 6144 0 
0 0 0 4096 
8192 0 8192 8192 12288 4096 8192 10240 6144 14336 14336 14336 12288 14336 4096 14336 6144 4096 6144 12288 6144 8192 8192 12288 0 14336 12288 12288 0 4096 0 0 4096 0 14336 4096 14336 0 12288 8192 6144 8192 0 8192 12288 14336 8192 8192 8192 0 0 0 4096 12288 12288 4096 14336 8192 8192 0 8192 0 6144 8192 14336 4096 16384 12288 4096 12288 6144 0 0 0 6144 14336 10240 4096 0 8192 10240 16384 6144 12288 4096 0 10240 10240 12288 6144 4096 4096 16384 0 8192 16384 12288 0 4096 6144 
0 0 4096 0 
0 16384 10240 8192 8192 16384 10240 6144 0 8192 10240 12288 4096 12288 12288 4096 14336 0 14336 4096 12288 16384 10240 0 0 6144 14336 12288 14336 16384 16384 4096 4096 14336 8192 12288 16384 10240 8192 0 12288 8192 12288 16384 6144 0 0 8192 14336 16384 12288 16384 16384 4096 8192 6144 12288 12288 8192 12288 10240 8192 12288 8192 8192 6144 16384 8192 16384 16384 4096 12288 14336 16384 10240 14336 8192 10240 4096 6144 0 6144 0 16384 16384 8192 10240 16384 0 8192 6144 10240 10240 0 8192 8192 6144 4096 4096 0 
0 0 0 4096 
10240 14336 12288 8192 0 16384 6144 10240 8192 4096 14336 10240 12288 16384 8192 0 12288 0 0 4096 8192 16384 8192 0 10240 10240 4096 16384 0 6144 10240 16384 4096 4096 8192 16384 4096 16384 4096 6144 12288 14336 8192 0 10240 4096 6144 8192 12288 12288 16384 4096 14336 8192 6144 0 10240 10240 16384 4096 16384 12288 8192 10240 12288 0 12288 12288 8192 8192 14336 10240 8192 8192 0 14336 10240 0 10240 4096 8192 4096 4096 0 14336 12288 14336 12288 8192 16384 0 16384 10240 16384 4096 0 16384 12288 4096 4096 
0 0 0 4096 
0 12288 16384 8192 6144 0 12288 14336 10240 8192 8192 0 16384 12288 12288 12288 6144 6144 16384 14336 8192 16384 0 12288 12288 6144 10240 4096 12288 8192 6144 12288 16384 12288 6144 4096 10240 14336 10240 10240 12288 16384 10240 8192 14336 14336 12288 12288 6144 6144 4096 4096 8192 8192 16384 0 10240 14336 12288 10240 12288 6144 4096 10240 10240 0 12288 4096 16384 6144 10240 6144 10240 10240 8192 4096 12288 6144 12288 6144 6144 10240 12288 6144 4096 8192 16384 12288 16384 4096 12288 10240 10240 0 4096 0 0 14336 16384 16384 
0 0 0 4096 
4096 6144 16384 4096 0 16384 12288 10240 16384 0 4096 8192 16384 16384 6144 14336 8192 16384 6144 10240 16384 0 0 8192 4096 16384 14336 4096 4096 8192 14336 12288 4096 0 8192 8192 12288 16384 12288 10240 12288 6144 12288 8192 14336 16384 4096 6144 8192 8192 6144 16384 0 14336 10240 14336 14336 4096 6144 12288 8192 12288 4096 12288 8192 16384 6144 4096 16384 4096 10240 12288 0 8192 12288 8192 10240 4096 12288 12288 8192 10240 16384 8192 0 14336 4096 4096 16384 4096 16384 12288 8192 12288 16384 4096 14336 0 6144 4096 
0 0 0 4096 
16384 8192 4096 8192 10240 10240 4096 8192 4096 6144 16384 0 16384 6144 0 10240 6144 4096 0 4096 6144 8192 14336 6144 0 6144 8192 12288 4096 16384 4096 10240 8192 16384 8192 8192 12288 14336 14336 14336 8192 6144 12288 8192 6144 16384 4096 6144 8192 6144 4096 14336 0 4096 8192 14336 14336 6144 12288 4096 8192 12288 16384 4096 14336 16384 16384 10240 12288 10240 4096 0 10240 0 10240 8192 6144 16384 6144 6144 14336 14336 8192 16384 10240 8192 6144 10240 8192 12288 6144 10240 12288 10240 14336 10240 12288 12288 6144 4096 
0 0 0 4096 
4096 10240 4096 6144 10240 8192 12288 8192 14336 4096 0 0 0 16384 8192 16384 8192 14336 4096 4096 8192 14336 12288 12288 14336 0 14336 14336 0 10240 8192 16384 4096 10240 0 8192 10240 0 14336 6144 12288 16384 8192 16384 8192 4096 10240 6144 10240 14336 0 16384 4096 4096 4096 6144 12288 8192 0 0 14336 8192 14336 4096 6144 16384 16384 12288 0 16384 8192 6144 16384 6144 10240 10240 8192 8192 6144 8192 6144 10240 0 12288 16384 16384 0 12288 14336 0 10240 8192 8192 6144 14336 10240 12288 14336 6144 0 
0 0 0 4096 
14336 8192 4096 6144 4096 4096 12288 10240 6144 0 14336 16384 10240 0 8192 6144 8192 14336 8192 4096 4096 8192 12288 8192 12288 6144 10240 6144 6144 0 10240 6144 16384 4096 12288 14336 14336 8192 4096 12288 6144 16384 6144 8192 8192 8192 10240 16384 0 4096 10240 16384 8192 8192 14336 16384 8192 0 14336 8192 4096 6144 12288 6144 12288 10240 14336 12288 8192 0 8192 0 16384 0 8192 10240 12288 6144 6144 10240 12288 16384 16384 0 4096 14336 8192 8192 4096 10240 6144 6144 8192 6144 12288 6144 14336 8192 4096 0 
0 0 0 4096 
10240 0 4096 4096 12288 16384 6144 4096 10240 12288 0 10240 0 8192 8192 16384 10240 4096 10240 10240 4096 4096 12288 4096 16384 10240 0 4096 14336 14336 0 10240 8192 10240 10240 4096 0 14336 10240 14336 12288 14336 0 6144 4096 12288 0 0 12288 10240 10240 4096 14336 4096 14336 8192 8192 16384 14336 10240 10240 6144 12288 6144 14336 8192 12288 16384 10240 8192 14336 14336 14336 16384 12288 4096 0 12288 16384 12288 14336 10240 0 14336 10240 16384 14336 0 6144 14336 6144 10240 0 8192 6144 12288 0 8192 12288 10240 
0 0 0 4096 
6144 8192 12288 12288 10240 6144 12288 12288 16384 6144 14336 6144 12288 6144 12288 4096 10240 16384 12288 16384 12288 0 10240 10240 14336 14336 12288 12288 4096 0 4096 6144 12288 6144 4096 14336 0 8192 12288 6144 10240 12288 0 16384 10240 6144 6144 4096 14336 16384 0 14336 12288 12288 4096 12288 4096 8192 14336 14336 14336 0 8192 0 4096 10240 8192 10240 6144 8192 6144 14336 0 8192 12288 0 16384 12288 0 12288 12288 10240 8192 0 14336 0 0 6144 6144 8192 14336 4096 0 8192 6144 10240 12288 12288 6144 0 
0 0 0 4096 
8192 8192 4096 8192 10240 12288 10240 14336 14336 0 16384 12288 6144 12288 14336 12288 6144 10240 16384 8192 8192 4096 14336 16384 16384 12288 4096 4096 4096 4096 8192 10240 14336 12288 16384 0 14336 0 14336 10240 16384 16384 8192 12288 0 16384 0 10240 12288 14336 4096 6144 0 16384 14336 4096 16384 12288 16384 8192 14336 6144 10240 16384 16384 16384 10240 10240 12288 14336 0 12288 0 4096 4096 12288 0 6144 6144 10240 0 10240 14336 4096 16384 6144 0 8192 10240 10240 12288 4096 6144 14336 14336 8192 6144 16384 16384 0 
0 0 0 4096 
4096 10240 12288 0 10240 8192 4096 8192 16384 12288 16384 8192 8192 0 16384 12288 16384 10240 12288 14336 10240 8192 14336 10240 0 8192 12288 14336 12288 16384 12288 10240 12288 16384 14336 0 4096 4096 10240 10240 8192 16384 4096 14336 12288 4096 12288 10240 14336 4096 16384 14336 4096 16384 4096 8192 16384 4096 14336 12288 10240 10240 10240 12288 14336 12288 10240 4096 16384 14336 0 8192 0 14336 8192 14336 16384 12288 6144 0 8192 10240 8192 12288 10240 4096 6144 16384 12288 0 10240 4096 8192 6144 12288 12288 4096 0 8192 12288 
0 0 0 4096 
6144 14336 10240 8192 10240 8192 0 4096 12288 4096 6144 12288 16384 0 0 4096 12288 8192 8192 10240 14336 6144 6144 14336 14336 14336 0 8192 8192 14336 12288 10240 8192 16384 16384 0 16384 16384 6144 10240 0 4096 0 16384 12288 12288 12288 8192 0 4096 8192 8192 6144 4096 10240 12288 14336 8192 14336 14336 0 8192 4096 16384 8192 0 6144 0 6144 14336 12288 10240 8192 0 0 8192 14336 4096 10240 12288 8192 4096 10240 4096 12288 8192 14336 10240 0 10240 4096 6144 14336 8192 8192 12288 14336 14336 12288 8192 
0 0 0 4096 
4096 10240 6144 14336 16384 4096 4096 10240 6144 0 8192 8192 8192 10240 6144 6144 10240 14336 6144 4096 8192 4096 4096 4096 16384 16384 10240 6144 14336 6144 6144 12288 12288 10240 0 0 4096 6144 8192 4096 16384 10240 12288 14336 8192 10240 0 10240 16384 8192 4096 10240 10240 12288 6144 14336 6144 16384 10240 10240 12288 8192 14336 4096 6144 16384 12288 6144 0 8192 12288 16384 4096 16384 6144 12288 14336 16384 16384 14336 12288 8192 4096 12288 4096 10240 10240 6144 16384 4096 16384 4096 14336 6144 6144 12288 6144 12288 4096 8192 
0 0 0 4096 
14336 16384 0 6144 12288 14336 16384 12288 0 4096 6144 10240 12288 14336 12288 10240 16384 6144 12288 6144 12288 10240 12288 12288 0 10240 10240 14336 10240 12288 10240 6144 6144 8192 14336 10240 4096 10240 6144 16384 8192 14336 10240 12288 0 12288 12288 16384 16384 0 4096 8192 0 4096 14336 12288 0 8192 8192 12288 14336 4096 0 14336 10240 12288 16384 4096 12288 0 6144 4096 6144 16384 6144 6144 16384 0 4096 12288 10240 8192 10240 8192 16384 4096 0 16384 4096 16384 8192 14336 10240 12288 4096 4096 16384 12288 12288 10240 
0 0 0 4096 
14336 8192 8192 0 14336 12288 14336 4096 0 4096 4096 4096 16384 4096 14336 14336 0 10240 10240 14336 8192 8192 4096 16384 8192 10240 16384 12288 12288 0 8192 14336 10240 10240 12288 12288 6144 10240 16384 4096 10240 14336 10240 4096 10240 12288 0 10240 14336 0 0 0 16384 10240 10240 16384 16384 12288 14336 12288 12288 10240 10240 0 0 8192 4096 6144 14336 6144 10240 8192 12288 10240 6144 4096 12288 8192 12288 16384 16384 14336 8192 12288 14336 6144 4096 16384 6144 12288 14336 12288 0 14336 16384 4096 10240 12288 8192 6144 
0 0 0 4096 
4096 10240 14336 12288 0 0 14336 8192 6144 16384 12288 8192 14336 0 16384 6144 14336 16384 12288 8192 6144 6144 0 12288 4096 10240 10240 12288 0 10240 12288 6144 14336 6144 12288 14336 0 6144 12288 0 6144 10240 14336 4096 12288 0 16384 6144 0 0 16384 4096 0 8192 0 4096 6144 16384 8192 16384 16384 4096 4096 8192 14336 10240 4096 12288 16384 4096 12288 16384 12288 4096 0 4096 8192 4096 6144 10240 8192 12288 0 0 4096 6144 6144 12288 4096 8192 16384 14336 14336 14336 6144 16384 16384 6144 16384 12288 
0 0 0 4096 
6144 14336 14336 14336 12288 12288 12288 10240 6144 0 6144 12288 10240 0 14336 6144 12288 0 6144 10240 8192 16384 14336 12288 16384 8192 10240 8192 12288 14336 16384 8192 0 4096 16384 16384 6144 4096 6144 0 8192 14336 10240 4096 12288 0 10240 12288 8192 16384 6144 12288 16384 6144 4096 8192 14336 8192 0 4096 16384 16384 10240 12288 4096 14336 14336 6144 4096 4096 8192 14336 16384 6144 6144 6144 8192 8192 14336 8192 16384 10240 12288 4096 14336 6144 6144 16384 16384 14336 4096 10240 14336 4096 10240 16384 12288 0 4096 10240 
0 0 0 4096 
4096 16384 16384 6144 6144 10240 4096 0 14336 10240 8192 0 4096 4096 14336 6144 12288 4096 8192 16384 10240 4096 12288 10240 10240 8192 8192 14336 8192 8192 12288 4096 0 8192 16384 10240 6144 16384 16384 12288 6144 8192 10240 14336 8192 6144 8192 8192 4096 8192 10240 6144 14336 10240 12288 6144 16384 8192 14336 6144 4096 6144 12288 0 12288 4096 14336 16384 10240 14336 8192 12288 4096 14336 10240 6144 0 16384 16384 8192 16384 14336 16384 6144 6144 6144 12288 16384 16384 0 16384 16384 16384 8192 0 0 16384 0 14336 6144 
0 0 0 4096 
6144 14336 4096 6144 4096 0 16384 8192 10240 16384 10240 14336 6144 12288 4096 12288 10240 12288 0 6144 8192 14336 0 6144 10240 0 16384 4096 14336 6144 8192 16384 8192 0 12288 0 8192 8192 4096 6144 0 4096 4096 14336 10240 12288 6144 16384 10240 8192 14336 8192 4096 8192 8192 8192 14336 4096 8192 4096 12288 16384 14336 16384 16384 10240 6144 14336 6144 8192 12288 16384 8192 12288 14336 4096 12288 8192 10240 6144 16384 10240 12288 8192 8192 6144 4096 12288 6144 4096 16384 4096 8192 6144 16384 12288 12288 4096 6144 14336 
0 0 0 4096 
8192 4096 10240 12288 8192 8192 12288 12288 4096 14336 6144 14336 16384 14336 10240 0 8192 0 12288 10240 6144 12288 6144 8192 10240 6144 14336 6144 6144 10240 8192 6144 4096 10240 16384 0 6144 6144 8192 10240 12288 8192 8192 10240 10240 16384 6144 8192 14336 4096 16384 16384 6144 16384 8192 16384 16384 4096 16384 14336 10240 4096 16384 14336 14336 16384 6144 10240 10240 0 16384 6144 6144 14336 4096 8192 12288 0 8192 10240 16384 0 10240 8192 8192 10240 4096 8192 4096 16384 14336 14336 8192 16384 16384 10240 16384 6144 0 4096 
0 0 0 4096 
12288 10240 16384 6144 8192 16384 8192 0 8192 4096 10240 6144 12288 16384 10240 12288 16384 12288 4096 10240 6144 8192 8192 16384 8192 14336 16384 4096 12288 4096 14336 8192 10240 12288 10240 0 8192 4096 14336 10240 0 0 8192 4096 8192 14336 0 0 4096 8192 10240 6144 14336 14336 0 6144 12288 14336 6144 10240 10240 16384 10240 4096 14336 8192 0 10240 14336 8192 14336 4096 16384 10240 6144 4096 4096 14336 8192 0 14336 16384 6144 12288 8192 16384 14336 0 10240 8192 0 12288 8192 4096 0 6144 16384 14336 8192 4096 
0 0 0 4096 
16384 12288 0 8192 14336 6144 12288 8192 16384 4096 10240 8192 12288 12288 10240 16384 10240 8192 14336 12288 16384 16384 16384 6144 0 6144 10240 0 4096 8192 12288 14336 0 14336 16384 10240 16384 4096 6144 14336 6144 12288 16384 0 16384 16384 16384 14336 10240 4096 6144 14336 14336 14336 16384 16384 16384 4096 6144 10240 12288 12288 16384 4096 6144 10240 12288 10240 4096 12288 12288 0 12288 14336 10240 12288 8192 14336 12288 0 16384 10240 12288 0 8192 12288 0 14336 10240 10240 10240 8192 10240 16384 4096 12288 14336 4096 14336 14336 
0 0 0 4096 
12288 16384 12288 4096 8192 12288 16384 6144 6144 12288 10240 0 10240 4096 6144 12288 10240 8192 8192 14336 0 8192 4096 0 14336 8192 16384 6144 16384 12288 14336 10240 6144 12288 4096 14336 14336 0 14336 0 16384 10240 6144 8192 6144 8192 0 12288 0 0 0 4096 14336 16384 0 8192 10240 6144 4096 16384 12288 12288 8192 14336 16384 8192 10240 12288 14336 4096 14336 6144 14336 4096 0 8192 10240 6144 16384 12288 12288 4096 4096 6144 8192 6144 14336 6144 12288 0 12288 6144 12288 10240 8192 14336 16384 0 10240 0 
0 0 0 4096 
16384 6144 4096 10240 4096 16384 4096 0 14336 14336 6144 0 4096 12288 0 0 14336 12288 4096 10240 16384 0 16384 14336 14336 12288 12288 6144 6144 16384 16384 12288 6144 12288 4096 4096 6144 14336 12288 16384 6144 16384 16384 10240 6144 16384 8192 10240 0 4096 10240 10240 16384 10240 0 10240 4096 4096 10240 10240 12288 12288 0 16384 12288 4096 12288 12288 16384 12288 12288 14336 8192 14336 16384 10240 16384 4096 8192 14336 12288 0 12288 8192 16384 4096 8192 4096 14336 10240 8192 4096 14336 14336 6144 4096 4096 0 10240 12288 
0 0 0 4096 
0 4096 10240 0 6144 0 12288 14336 6144 6144 8192 12288 12288 10240 6144 10240 6144 6144 12288 10240 14336 8192 0 6144 16384 8192 16384 0 4096 16384 0 6144 0 0 8192 14336 6144 10240 10240 14336 14336 4096 4096 0 16384 10240 16384 16384 14336 16384 6144 12288 14336 10240 8192 4096 14336 10240 8192 12288 16384 16384 14336 16384 6144 12288 8192 8192 8192 8192 16384 4096 0 12288 12288 0 6144 6144 8192 16384 10240 16384 12288 12288 0 16384 6144 10240 10240 4096 6144 10240 4096 4096 16384 4096 4096 4096 14336 6144 
0 0 0 4096 
4096 10240 4096 8192 16384 4096 16384 12288 0 4096 4096 10240 14336 6144 0 12288 16384 12288 10240 6144 6144 12288 6144 4096 12288 6144 0 6144 4096 6144 14336 12288 12288 0 14336 4096 0 4096 14336 16384 4096 4096 4096 4096 12288 0 6144 4096 6144 0 6144 4096 10240 6144 0 16384 6144 14336 8192 4096 0 10240 8192 6144 16384 4096 8192 10240 0 12288 10240 4096 14336 16384 16384 4096 14336 14336 10240 0 4096 12288 8192 14336 10240 0 12288 14336 14336 0 14336 8192 8192 8192 4096 14336 8192 14336 6144 16384 
0 0 0 4096 
14336 14336 8192 8192 8192 6144 12288 16384 4096 14336 4096 14336 12288 6144 14336 10240 16384 12288 6144 6144 12288 8192 8192 8192 6144 6144 0 16384 6144 4096 10240 4096 10240 8192 6144 4096 12288 0 8192 14336 14336 4096 14336 10240 16384 14336 6144 14336 8192 10240 0 16384 16384 16384 4096 8192 10240 16384 0 12288 16384 4096 0 6144 6144 10240 16384 16384 8192 8192 8192 10240 10240 4096 10240 8192 6144 0 10240 12288 4096 16384 0 12288 16384 6144 16384 10240 6144 10240 4096 12288 10240 8192 12288 10240 0 14336 8192 0 
0 0 0 4096 
6144 16384 16384 4096 4096 16384 16384 8192 6144 12288 14336 14336 16384 4096 6144 14336 10240 8192 12288 12288 4096 12288 12288 8192 0 16384 10240 14336 0 8192 8192 16384 14336 16384 12288 14336 8192 16384 14336 8192 10240 10240 10240 16384 16384 14336 16384 14336 12288 6144 4096 14336 8192 16384 12288 16384 4096 8192 4096 8192 10240 12288 0 4096 4096 12288 14336 10240 10240 0 4096 10240 6144 0 6144 4096 16384 16384 6144 8192 4096 0 12288 16384 12288 16384 16384 0 0 6144 10240 8192 16384 12288 8192 10240 12288 10240 16384 6144 
0 0 0 4096 
6144 6144 10240 16384 8192 12288 12288 0 10240 16384 4096 8192 0 12288 12288 10240 4096 6144 0 0 8192 12288 4096 16384 4096 8192 10240 8192 14336 12288 12288 0 8192 10240 0 14336 10240 8192 0 0 0 10240 6144 4096 8192 14336 8192 12288 6144 0 6144 14336 14336 14336 6144 10240 14336 12288 14336 10240 8192 8192 12288 4096 0 14336 8192 10240 8192 6144 14336 10240 4096 10240 6144 10240 0 12288 6144 0 0 4096 8192 16384 14336 14336 0 12288 6144 16384 10240 6144 10240 8192 10240 12288 8192 16384 16384 16384 
0 0 0 4096 
0 6144 16384 12288 14336 4096 12288 10240 6144 14336 0 10240 4096 0 14336 8192 4096 16384 14336 4096 8192 16384 4096 16384 4096 8192 0 14336 8192 0 16384 16384 10240 16384 6144 4096 0 16384 4096 12288 14336 10240 4096 6144 0 10240 0 16384 14336 10240 4096 6144 8192 12288 14336 10240 8192 12288 16384 16384 0 12288 8192 6144 14336 4096 6144 14336 12288 12288 10240 16384 6144 8192 16384 12288 16384 12288 10240 0 4096 14336 10240 10240 4096 14336 16384 10240 0 12288 10240 4096 12288 14336 14336 14336 8192 14336 16384 16384 
0 0 0 4096 
14336 6144 10240 6144 10240 0 8192 14336 16384 10240 6144 4096 16384 6144 10240 6144 6144 12288 10240 16384 10240 0 0 6144 6144 6144 6144 14336 6144 8192 14336 4096 6144 10240 4096 6144 8192 8192 6144 8192 6144 6144 4096 8192 14336 12288 0 14336 4096 6144 14336 6144 12288 10240 10240 12288 0 14336 12288 6144 10240 16384 6144 4096 12288 10240 10240 12288 16384 6144 12288 10240 16384 4096 12288 4096 0 6144 12288 12288 16384 0 10240 6144 14336 16384 12288 16384 14336 14336 12288 14336 10240 14336 8192 0 14336 8192 12288 0 
0 0 0 4096 
10240 4096 16384 14336 8192 8192 16384 4096 10240 12288 16384 10240 6144 6144 10240 14336 14336 6144 10240 10240 10240 10240 8192 10240 12288 0 0 0 8192 14336 0 8192 0 14336 8192 16384 6144 6144 8192 10240 16384 10240 8192 10240 8192 14336 4096 14336 6144 10240 8192 16384 16384 10240 10240 4096 0 4096 8192 0 12288 0 14336 6144 0 12288 10240 12288 0 14336 8192 0 10240 14336 10240 0 14336 16384 16384 12288 6144 16384 12288 6144 10240 6144 8192 4096 0 12288 14336 8192 10240 8192 6144 6144 0 10240 8192 14336 
0 0 0 4096 
6144 12288 0 8192 12288 6144 8192 8192 6144 16384 14336 16384 14336 16384 10240 12288 16384 0 14336 0 0 14336 12288 0 10240 0 4096 10240 0 14336 10240 12288 12288 0 6144 8192 6144 0 0 6144 8192 4096 0 10240 0 16384 12288 0 8192 10240 0 4096 0 14336 12288 4096 14336 6144 6144 8192 12288 4096 16384 4096 0 14336 4096 14336 16384 6144 12288 6144 10240 16384 6144 10240 16384 16384 10240 4096 8192 6144 4096 8192 6144 12288 10240 0 0 14336 16384 16384 6144 4096 8192 10240 16384 4096 6144 16384 
0 0 0 4096 
8192 0 4096 6144 10240 14336 14336 0 8192 4096 16384 6144 14336 14336 16384 16384 16384 12288 8192 10240 0 6144 10240 0 16384 8192 6144 14336 4096 4096 4096 8192 10240 12288 12288 4096 16384 14336 8192 8192 8192 8192 0 6144 16384 4096 4096 14336 14336 4096 4096 4096 8192 12288 0 0 8192 12288 6144 6144 16384 8192 14336 14336 10240 16384 16384 8192 16384 4096 12288 4096 12288 8192 10240 8192 6144 16384 4096 10240 10240 6144 14336 14336 14336 16384 14336 6144 14336 14336 16384 4096 0 14336 6144 0 8192 0 16384 14336 
0 0 0 4096 
14336 6144 14336 10240 12288 14336 12288 16384 12288 16384 6144 0 6144 12288 6144 0 10240 10240 12288 12288 0 12288 6144 8192 14336 10240 16384 12288 10240 14336 8192 12288 10240 0 14336 0 4096 16384 16384 6144 0 12288 14336 4096 0 4096 4096 4096 12288 4096 12288 16384 10240 16384 4096 10240 4096 6144 8192 14336 0 14336 4096 16384 10240 10240 8192 0 12288 12288 10240 14336 6144 10240 14336 4096 14336 14336 6144 8192 6144 14336 14336 16384 0 0 12288 12288 0 0 0 8192 6144 8192 14336 12288 14336 16384 8192 12288 
0 0 0 4096 
10240 14336 8192 0 12288 10240 16384 14336 6144 10240 6144 6144 4096 14336 16384 10240 8192 10240 4096 8192 0 6144 12288 12288 6144 10240 4096 8192 6144 6144 8192 10240 6144 10240 12288 16384 8192 14336 6144 8192 14336 6144 8192 14336 0 10240 4096 4096 16384 6144 10240 16384 10240 4096 0 14336 12288 16384 10240 6144 8192 14336 12288 6144 8192 6144 10240 6144 12288 16384 4096 10240 8192 10240 10240 6144 14336 4096 12288 16384 14336 0 16384 4096 16384 0 4096 10240 10240 0 12288 4096 10240 16384 4096 8192 14336 4096 16384 4096 
0 0 0 4096 
6144 14336 4096 0 0 4096 4096 4096 0 14336 16384 16384 0 10240 14336 4096 14336 16384 16384 10240 8192 8192 4096 14336 0 8192 16384 12288 6144 12288 10240 0 6144 4096 0 8192 6144 12288 8192 16384 10240 6144 14336 8192 16384 12288 6144 10240 16384 6144 0 4096 4096 4096 12288 6144 4096 14336 6144 16384 6144 14336 4096 16384 4096 4096 16384 6144 16384 14336 10240 16384 8192 14336 16384 14336 12288 4096 0 6144 10240 0 8192 6144 6144 16384 14336 12288 16384 10240 14336 0 14336 10240 16384 14336 4096 10240 14336 16384 
0 0 0 4096 
16384 8192 10240 6144 12288 12288 4096 0 4096 4096 8192 16384 0 10240 12288 16384 10240 14336 6144 0 8192 14336 10240 8192 10240 14336 4096 10240 4096 0 6144 6144 0 10240 16384 16384 10240 4096 4096 6144 6144 14336 12288 0 16384 12288 10240 12288 16384 16384 6144 14336 4096 14336 16384 10240 10240 14336 0 8192 0 12288 4096 12288 0 10240 8192 6144 10240 6144 6144 10240 6144 6144 10240 6144 0 6144 8192 14336 12288 8192 8192 16384 0 12288 16384 16384 4096 16384 10240 10240 4096 4096 10240 4096 10240 16384 8192 8192 
0 0 0 4096 
8192 8192 6144 6144 12288 0 16384 6144 14336 0 12288 8192 4096 6144 10240 14336 16384 10240 12288 4096 14336 14336 8192 16384 0 0 12288 10240 10240 6144 16384 16384 6144 14336 10240 8192 12288 10240 16384 0 0 12288 10240 16384 6144 14336 0 10240 14336 4096 16384 12288 4096 0 12288 0 12288 8192 10240 0 14336 8192 8192 8192 12288 14336 16384 8192 6144 16384 12288 4096 14336 10240 8192 12288 8192 14336 14336 12288 14336 8192 8192 12288 10240 6144 16384 16384 4096 16384 16384 4096 8192 12288 6144 6144 4096 14336 6144 14336 
0 0 0 4096 
4096 16384 8192 12288 14336 14336 10240 8192 14336 4096 8192 10240 12288 10240 6144 6144 4096 0 4096 16384 12288 14336 4096 4096 6144 0 4096 8192 16384 10240 10240 12288 14336 14336 8192 4096 12288 14336 12288 10240 6144 14336 6144 10240 8192 4096 6144 8192 16384 8192 0 10240 10240 4096 16384 8192 6144 12288 0 4096 16384 4096 16384 6144 0 16384 16384 0 10240 4096 0 16384 6144 16384 6144 10240 14336 8192 8192 8192 0 12288 8192 6144 8192 4096 6144 10240 14336 16384 0 10240 0 16384 8192 6144 12288 16384 10240 0 
0 0 0 4096 
0 14336 6144 6144 10240 0 14336 14336 14336 6144 16384 0 10240 16384 10240 4096 0 12288 12288 12288 0 4096 4096 14336 14336 6144 14336 12288 6144 6144 8192 14336 14336 4096 8192 16384 6144 4096 12288 12288 0 10240 10240 0 0 4096 4096 10240 16384 10240 8192 14336 8192 16384 16384 4096 8192 0 12288 0 14336 12288 4096 6144 12288 4096 8192 4096 12288 6144 16384 8192 6144 14336 16384 14336 4096 4096 0 10240 16384 16384 0 10240 6144 8192 4096 12288 6144 8192 0 12288 12288 14336 4096 16384 4096 16384 10240 6144 
0 0 0 4096 
0 14336 12288 8192 12288 12288 0 12288 6144 16384 0 8192 14336 4096 0 10240 8192 6144 10240 0 14336 6144 6144 0 4096 12288 10240 10240 6144 0 14336 4096 8192 16384 16384 0 10240 16384 4096 4096 4096 16384 6144 8192 4096 8192 16384 16384 0 14336 14336 12288 16384 12288 10240 0 14336 4096 12288 10240 6144 10240 12288 14336 0 0 14336 16384 4096 10240 4096 8192 6144 6144 16384 4096 6144 10240 14336 12288 12288 10240 4096 14336 12288 14336 16384 12288 10240 14336 16384 14336 14336 12288 14336 10240 4096 6144 8192 10240 
0 0 0 4096 
16384 8192 4096 4096 16384 12288 16384 14336 14336 10240 10240 0 4096 0 6144 12288 4096 10240 10240 4096 10240 14336 6144 14336 8192 4096 0 12288 0 14336 12288 6144 12288 10240 0 14336 0 16384 4096 14336 10240 8192 16384 0 10240 16384 16384 4096 14336 10240 4096 6144 14336 14336 6144 4096 10240 16384 4096 10240 6144 16384 14336 10240 6144 14336 10240 16384 8192 4096 12288 8192 6144 4096 8192 10240 12288 10240 6144 16384 10240 14336 8192 10240 14336 8192 10240 8192 12288 0 14336 14336 4096 16384 8192 6144 6144 10240 14336 12288 
0 0 0 4096 
6144 14336 14336 4096 0 0 0 14336 14336 16384 12288 8192 6144 14336 4096 10240 6144 4096 12288 16384 14336 4096 16384 0 12288 16384 14336 12288 12288 16384 8192 14336 10240 16384 10240 8192 12288 4096 14336 14336 4096 10240 4096 8192 10240 0 10240 16384 16384 8192 8192 8192 8192 14336 6144 12288 12288 12288 8192 6144 4096 4096 12288 0 4096 12288 16384 12288 0 16384 14336 8192 6144 12288 8192 6144 14336 0 12288 10240 6144 6144 16384 8192 4096 0 0 0 8192 8192 12288 0 16384 16384 12288 8192 10240 12288 6144 6144 
0 0 0 4096 
