15 100 4
0 2048 4096 0 2560 0 3072 0 0 0 2048 0 0 0 1024 0 0 0 0 1536 4096 2048 0 0 0 0 0 0 0 0 3584 1024 0 4096 0 1536 0 3584 0 0 0 0 0 0 0 0 0 2560 0 0 0 2560 0 3072 1536 4096 4096 1024 1024 1024 0 0 2048 0 0 0 0 0 0 2048 3584 1536 0 0 0 3072 1024 0 0 2048 0 2560 0 1024 0 0 0 2560 0 1536 0 0 2560 4096 3584 1024 4096 3072 0 0 
0 1024 0 0 
3072 0 0 2048 0 3584 0 2560 0 3584 0 0 0 0 3584 2560 1536 3584 1024 4096 4096 0 3072 1024 0 0 1536 2048 0 0 0 0 3584 0 2048 0 0 0 2560 1536 1536 0 0 0 3584 0 3072 1536 0 0 1536 1536 0 0 0 0 0 0 3584 3072 1536 0 0 2048 0 4096 3584 0 0 0 0 0 0 0 0 4096 0 0 0 0 0 1024 0 0 3072 2560 0 0 0 3072 3072 4096 0 0 0 2048 3072 0 4096 2048 
0 0 1024 0 
1536 0 1024 0 0 0 1536 0 1024 0 1024 0 0 0 2560 0 1536 0 1536 0 0 0 3584 0 0 1536 0 0 0 1536 2048 0 0 4096 0 0 2560 0 0 1024 0 0 0 2048 0 0 4096 0 0 0 0 0 0 0 0 3584 0 0 0 0 0 0 4096 2048 0 2560 4096 3072 3072 0 0 2048 0 3072 0 0 0 0 3584 0 0 0 0 0 0 0 3584 1536 0 2048 3072 0 0 3584 0 0 0 0 0 0 
0 1024 0 0 
2560 2048 2048 2560 2048 0 2560 0 0 0 0 0 4096 2560 1024 0 2560 3072 0 0 0 3072 1024 0 0 0 2048 3584 4096 1536 0 0 0 0 3584 0 0 3584 0 1024 0 0 1536 1024 4096 0 2048 0 0 0 0 4096 2560 0 0 3584 4096 0 4096 4096 0 0 0 0 0 1024 3584 0 0 0 1536 0 2048 0 1536 0 0 2048 0 0 2560 0 0 0 0 0 1536 2048 4096 4096 3072 0 3072 0 3584 2048 2048 0 3072 2560 
0 0 1024 0 
0 2560 0 2560 0 0 0 0 0 2048 0 3584 3584 0 0 0 2048 0 3072 1536 3072 2048 1536 3584 0 0 0 0 4096 4096 0 4096 0 2048 0 4096 0 0 0 0 0 1536 4096 4096 0 0 4096 0 0 0 1024 0 1024 0 3072 2560 1024 1024 0 0 2048 1536 2560 0 3072 0 0 3072 0 0 4096 2048 0 0 1536 0 0 3584 3584 0 3072 0 0 0 0 0 0 0 0 0 0 0 0 3072 1024 4096 1024 0 0 0 
0 0 1024 0 
0 2560 0 0 2560 0 0 0 2048 0 2048 0 3584 0 3072 0 0 4096 2048 2560 0 1024 1536 0 3072 2560 2048 0 0 2048 0 0 1536 1024 0 0 0 0 3584 0 0 1024 2560 0 0 0 0 0 0 4096 0 4096 0 0 4096 0 0 0 0 1536 1024 3584 0 0 3584 0 0 3072 3584 0 0 1024 0 0 3584 0 3072 0 0 0 1536 0 0 0 0 1536 0 1024 2048 1024 0 1024 0 0 0 3072 0 0 1024 2048 
0 0 1024 0 
1024 3072 1536 0 1536 3584 0 0 3072 0 0 0 0 0 0 0 0 3584 2048 3072 0 0 3072 0 3072 4096 0 3584 0 0 0 1024 2560 3584 0 0 3072 0 0 4096 2048 1536 4096 0 3584 0 0 0 0 1536 0 2048 0 1024 1024 0 0 1536 4096 0 0 3072 2560 0 3584 3584 0 4096 0 0 0 0 0 2048 0 0 1024 0 0 3072 3072 1024 4096 0 0 3584 4096 0 0 1024 1536 0 0 1024 0 0 2560 0 0 0 
0 0 1024 0 
0 0 0 4096 1024 0 0 0 0 2560 0 3584 2048 2048 0 0 0 1536 0 0 0 0 0 0 0 1024 0 0 2560 0 0 3072 0 0 0 0 4096 2560 0 0 2048 0 0 0 2048 4096 2560 3072 0 1024 0 2048 0 0 2048 0 2048 2560 1536 1024 1536 0 4096 0 3072 0 2048 0 0 0 0 3584 1536 0 0 4096 0 3584 2048 1024 2048 0 4096 0 0 2048 0 2560 0 4096 0 3072 4096 1024 0 0 0 1536 3584 0 
0 0 1024 0 
0 0 0 2048 0 0 3072 2048 0 1024 2560 0 0 0 3584 2048 0 0 0 0 2048 3072 0 2048 3072 0 3584 0 2048 0 0 2560 0 0 0 2560 3072 2048 0 0 1536 0 0 1024 0 0 0 3584 0 0 0 2048 0 1024 3072 0 2048 0 1024 2048 3072 0 3584 4096 3072 4096 0 1536 0 0 1536 2560 0 0 0 4096 3072 0 2048 1536 0 0 0 0 0 0 0 2560 2048 0 0 0 0 0 0 0 0 0 2048 0 
0 0 1024 0 
4096 2048 0 4096 0 0 0 4096 0 0 2560 4096 0 1536 0 0 0 3072 0 1536 0 0 0 0 0 3584 0 0 0 0 0 3072 0 3072 0 0 3584 0 0 2560 2048 1024 0 0 0 0 3072 0 0 0 0 0 0 0 2560 1536 0 0 3072 0 1024 2560 1536 0 2560 0 0 0 0 0 0 0 2048 3584 0 2048 0 0 0 2560 0 0 3584 2560 2560 0 0 0 0 3584 0 0 2560 0 2048 0 3584 0 0 0 
0 1024 0 0 
0 0 3072 0 1024 3072 0 0 0 0 1024 0 1024 0 2048 3584 0 1024 4096 2560 0 4096 4096 0 0 2560 0 0 3072 3072 1024 0 0 2048 2560 0 3072 0 2560 0 1024 0 0 0 0 0 3072 1536 0 0 0 0 0 0 3072 0 3584 0 0 0 0 1536 0 0 0 0 4096 0 0 0 3584 4096 0 2048 3072 0 0 2048 0 0 0 0 0 0 3072 0 0 0 1536 3584 1024 0 0 2560 2048 1024 2048 1024 0 0 
0 0 1024 0 
0 2048 4096 0 0 0 4096 1536 4096 2560 0 0 3584 0 0 0 2560 3584 0 0 0 0 3072 0 2560 4096 0 4096 4096 3072 0 2048 0 0 0 0 4096 0 0 3584 0 3072 3584 4096 0 0 3584 0 3584 0 0 1024 0 4096 0 0 0 0 0 3072 1024 0 4096 1024 4096 0 0 3072 0 3584 0 0 3072 3072 0 1024 0 0 0 0 0 0 0 0 0 0 3584 3072 0 1024 0 0 4096 0 0 0 0 1024 0 0 
0 1024 0 0 
0 0 2048 0 2048 2560 2048 0 0 0 0 0 0 3072 0 0 0 3072 0 0 0 3072 0 3584 2048 1536 3584 0 3584 0 0 0 4096 0 2048 0 1536 0 0 0 1024 2560 0 0 1024 0 0 1536 0 0 3584 0 0 0 0 2560 4096 0 0 0 1024 1536 2048 2048 2560 1536 4096 2560 3584 0 0 0 0 2048 0 0 1024 1536 0 0 0 0 1536 0 0 2048 4096 2560 2048 0 0 0 0 3584 0 0 0 0 0 2048 
0 0 1024 0 
0 0 1536 0 2048 0 2048 0 0 1024 1536 0 4096 0 2560 0 4096 2048 0 0 0 0 0 4096 2048 0 1536 2048 0 0 1024 0 3584 2048 0 3584 0 1024 1536 2048 0 0 0 4096 0 0 0 3584 1536 0 2560 0 0 0 1024 3072 0 0 0 0 1536 0 0 3584 0 0 0 2560 0 0 0 2560 3584 1024 1536 3072 3584 0 0 3072 3072 1536 0 0 0 0 4096 1024 4096 2048 0 0 0 0 3072 3584 1536 0 2560 0 
0 0 1024 0 
0 0 0 0 0 0 3072 0 1024 0 0 0 3584 1024 3072 0 0 1024 0 0 2560 0 0 0 0 1024 3584 1024 0 0 2560 4096 0 0 0 0 1024 2560 0 2560 0 0 0 0 2048 0 0 0 0 0 0 0 2048 0 0 1024 0 1024 0 0 0 0 0 0 0 0 2048 0 1536 3584 0 3584 3072 0 0 0 0 0 4096 0 0 0 0 0 0 0 0 0 0 0 0 0 0 3584 3072 2048 2560 1024 0 2560 
0 1024 0 0 
